1000 65
999 65
998 65
997 65
996 65
995 65
994 65
993 65
992 65
991 65
990 65
989 65
988 65
987 65
986 65
985 65
984 65
983 65
982 65
981 65
980 65
979 65
978 65
977 65
976 65
975 66
974 66
973 66
972 66
971 66
970 66
969 66
968 66
967 66
966 66
965 66
964 66
963 65
962 65
961 65
960 65
959 65
958 65
957 65
956 65
955 64
954 64
953 64
952 64
951 64
950 64
949 64
948 63
947 63
946 63
945 63
944 63
943 63
942 63
941 63
940 63
939 63
938 63
937 63
936 63
935 63
934 63
933 63
932 63
931 63
930 63
929 63
928 63
927 63
926 63
925 63
924 64
923 64
922 64
921 65
920 65
919 66
918 66
917 67
916 67
915 68
914 68
913 69
912 69
911 70
910 70
909 70
908 71
907 71
906 71
905 72
904 73
903 73
902 73
901 73
900 74
899 74
898 74
897 74
896 75
895 75
894 75
893 75
892 75
891 76
890 76
889 76
888 76
887 76
886 76
885 77
884 77
883 77
882 77
881 78
880 79
879 79
878 80
877 80
876 81
875 81
874 82
873 82
872 82
871 83
870 83
869 84
868 85
867 86
866 86
865 87
864 88
863 89
862 90
861 90
860 91
859 92
858 93
857 93
856 94
855 95
854 96
853 96
852 97
851 98
850 98
849 99
848 100
847 101
846 101
845 102
844 103
843 103
842 104
841 105
840 106
839 107
838 107
837 108
836 109
835 110
834 111
833 111
832 112
831 113
830 114
829 115
828 116
827 117
826 118
825 118
824 119
823 120
822 121
821 122
820 123
819 123
818 124
817 125
816 126
815 127
814 128
813 128
812 129
811 130
810 131
809 132
808 132
807 133
806 134
805 135
804 136
803 137
802 138
802 139
801 140
800 141
799 142
798 143
797 144
796 145
795 146
794 147
793 148
793 149
792 150
791 151
790 152
789 153
788 154
787 155
786 156
785 157
784 158
783 159
783 160
782 161
781 162
780 163
779 164
778 165
777 166
777 167
776 168
775 169
775 170
774 171
773 172
772 173
772 174
771 175
770 176
769 177
768 178
768 179
767 180
766 181
765 182
764 183
763 184
763 185
762 186
761 187
760 188
760 189
759 190
758 191
757 192
757 193
756 194
755 195
755 196
754 197
754 198
753 199
753 200
753 201
752 202
752 203
752 204
751 205
751 206
751 207
751 208
750 209
750 210
750 211
750 212
750 213
750 214
749 215
749 216
749 217
749 218
749 219
748 220
748 221
748 222
747 223
747 224
747 225
747 226
746 227
746 228
746 229
746 230
745 231
745 232
744 233
744 234
744 235
744 236
744 237
743 238
743 239
742 240
742 241
742 242
742 243
742 244
741 245
741 246
740 247
740 248
740 249
740 250
739 251
739 252
738 253
738 254
738 255
738 256
738 257
738 258
737 259
737 260
737 261
737 262
737 263
736 264
736 265
736 266
735 267
735 268
735 269
735 270
734 271
734 272
734 273
733 274
733 275
733 276
732 277
731 278
731 279
731 280
730 281
730 282
729 283
729 284
729 285
729 286
728 287
728 288
728 289
727 290
727 291
727 292
727 293
726 294
726 295
726 296
726 297
725 298
725 299
725 300
724 301
724 302
724 303
724 304
724 305
724 306
723 307
723 308
723 309
723 310
723 311
722 312
722 313
722 314
722 315
722 316
722 317
721 318
721 319
721 320
721 321
721 322
721 323
721 324
721 325
720 326
720 327
720 328
719 329
719 330
719 331
719 332
719 333
718 334
718 335
718 336
718 337
718 338
717 339
717 340
717 341
716 342
716 343
716 344
716 345
716 346
716 347
715 348
715 349
715 350
714 351
714 352
714 353
714 354
714 355
714 356
714 357
714 358
714 359
713 360
713 361
713 362
713 363
713 364
713 365
713 366
713 367
713 368
713 369
713 370
713 371
713 372
713 373
713 374
713 375
713 376
713 377
713 378
713 379
713 380
713 381
713 382
713 383
713 384
713 385
713 386
713 387
713 388
713 389
713 390
713 391
713 392
713 393
713 394
713 395
713 396
713 397
713 398
713 399
713 400
713 401
713 402
713 403
713 404
713 405
713 406
713 407
713 408
713 409
713 410
713 411
713 412
713 413
713 414
713 415
713 416
713 417
713 418
713 419
713 420
713 421
713 422
713 423
713 424
713 425
713 426
713 427
713 428
713 429
713 430
713 431
713 432
713 433
713 434
713 435
713 436
713 437
713 438
713 439
713 440
713 441
713 442
713 443
713 444
713 445
713 446
713 447
714 448
714 449
714 450
714 451
714 452
714 453
714 454
714 455
714 456
714 457
714 458
714 459
714 460
714 461
714 462
714 463
714 464
714 465
714 466
714 467
714 468
714 469
714 470
714 471
714 472
714 473
714 474
714 475
714 476
714 477
714 478
714 479
714 480
714 481
714 482
714 483
714 484
714 485
714 486
714 487
714 488
714 489
714 490
714 491
714 492
714 493
714 494
714 495
714 496
714 497
714 498
714 499
714 500
714 501
714 502
714 503
714 504
714 505
714 506
714 507
714 508
714 509
714 510
714 511
714 512
714 513
714 514
714 515
714 516
714 517
714 518
714 519
714 520
714 521
714 522
714 523
714 524
714 525
714 526
714 527
714 528
714 529
714 530
714 531
714 532
714 533
714 534
714 535
714 536
714 537
714 538
714 539
714 540
714 541
714 542
714 543
714 544
714 545
714 546
714 547
714 548
714 549
714 550
714 551
714 552
714 553
714 554
714 555
714 556
714 557
714 558
714 559
714 560
714 561
714 562
714 563
714 564
714 565
714 566
714 567
714 568
714 569
714 570
714 571
714 572
714 573
714 574
714 575
714 576
714 577
714 578
714 579
714 580
714 581
714 582
714 583
714 584
713 585
713 586
713 587
713 588
713 589
713 590
713 591
713 592
713 593
713 594
712 595
712 596
712 597
712 598
712 599
712 600
712 601
712 602
712 603
712 604
711 605
711 606
711 607
711 608
711 609
710 610
710 611
710 612
710 613
710 614
710 615
709 616
709 617
709 618
709 619
709 620
709 621
708 622
708 623
708 624
708 625
708 626
708 627
708 628
708 629
707 630
707 631
707 632
707 633
707 634
707 635
707 636
707 637
707 638
707 639
707 640
707 641
707 642
707 643
707 644
707 645
707 646
707 647
707 648
707 649
707 650
707 651
707 652
707 653
707 654
707 655
707 656
707 657
707 658
707 659
707 660
707 661
707 662
707 663
707 664
707 665
707 666
707 667
707 668
707 669
707 670
707 671
707 672
707 673
707 674
707 675
707 676
707 677
707 678
707 679
707 680
707 681
707 682
707 683
707 684
707 685
707 686
707 687
707 688
707 689
707 690
707 691
707 692
707 693
707 694
707 695
707 696
707 697
707 698
707 699
707 700
707 701
707 702
707 703
707 704
707 705
707 706
707 707
707 708
707 709
707 710
707 711
707 712
707 713
707 714
707 715
707 716
707 717
707 718
707 719
707 720
707 721
707 722
707 723
707 724
707 725
707 726
707 727
707 728
707 729
707 730
707 731
707 732
707 733
707 734
707 735
707 736
707 737
707 738
707 739
707 740
707 741
707 742
707 743
707 744
707 745
707 746
707 747
707 748
707 749
707 750
707 751
707 752
707 753
707 754
707 755
707 756
707 757
707 758
707 759
707 760
707 761
707 762
707 763
707 764
707 765
707 766
707 767
707 768
707 769
707 770
707 771
707 772
707 773
707 774
707 775
707 776
707 777
707 778
707 779
707 780
707 781
707 782
707 783
707 784
707 785
707 786
707 787
707 788
707 789
707 790
707 791
707 792
707 793
707 794
707 795
707 796
707 797
707 798
707 799
707 800
706 801
706 802
706 803
706 804
706 805
706 806
706 807
706 808
706 809
706 810
706 811
706 812
706 813
706 814
706 815
705 816
705 817
705 818
705 819
705 820
705 821
705 822
705 823
705 824
705 825
705 826
705 827
705 828
704 829
704 830
704 831
704 832
704 833
704 834
704 835
704 836
704 837
704 838
704 839
703 840
703 841
703 842
703 843
703 844
703 845
703 846
703 847
703 848
703 849
703 850
703 851
703 852
703 853
703 854
703 855
703 856
703 857
703 858
703 859
703 860
703 861
703 862
703 863
703 864
703 865
703 866
703 867
703 868
703 869
703 870
703 871
703 872
703 873
703 874
703 875
703 876
703 877
703 878
704 879
704 880
704 881
704 882
704 883
704 884
704 885
704 886
704 887
704 888
704 889
704 890
704 891
704 892
704 893
704 894
704 895
705 896
705 897
705 898
705 899
705 900
705 901
705 902
705 903
705 904
705 905
705 906
705 907
706 908
706 909
706 910
706 911
706 912
706 913
706 914
706 915
706 916
706 917
706 918
706 919
706 920
706 921
706 922
707 923
707 924
707 925
707 926
707 927
707 928
707 929
707 930
707 931
707 932
707 933
707 934
707 935
707 936
707 937
707 938
707 939
707 940
707 941
707 942
707 943
707 944
707 945
707 946
707 947
707 948
707 949
707 950
707 951
707 952
707 953
707 954
707 955
707 956
707 957
707 958
707 959
707 960
707 961
707 962
707 963
707 964
707 965
707 966
707 967
707 968
707 969
708 970
708 971
708 972
708 973
708 974
708 975
708 976
708 977
708 978
708 979
708 980
708 981
708 982
708 983
708 984
708 985
709 986
709 987
709 988
709 989
709 990
709 991
709 992
709 993
709 994
709 995
709 996
709 997
709 998
709 999
709 1000
709 1001
709 1002
709 1003
709 1004
709 1005
709 1006
709 1007
709 1008
709 1009
709 1010
709 1011
709 1012
709 1013
709 1014
709 1015
709 1016
709 1017
709 1018
709 1019
709 1020
709 1021
709 1022
709 1023
709 1024
709 1025
709 1026
709 1027
709 1028
709 1029
709 1030
709 1031
709 1032
709 1033
709 1034
709 1035
709 1036
709 1037
709 1038
709 1039
709 1040
709 1041
709 1042
709 1043
709 1044
709 1045
709 1046
709 1047
709 1048
709 1049
709 1050
709 1051
709 1052
709 1053
709 1054
709 1055
709 1056
709 1057
709 1058
709 1059
709 1060
709 1061
709 1062
709 1063
709 1064
709 1065
709 1066
709 1067
709 1068
709 1069
709 1070
709 1071
709 1072
709 1073
709 1074
709 1075
709 1076
709 1077
709 1078
709 1079
709 1080
709 1081
709 1082
709 1083
709 1084
709 1085
709 1086
709 1087
709 1088
709 1089
709 1090
709 1091
709 1092
709 1093
709 1094
709 1095
709 1096
709 1097
709 1098
709 1099
709 1100
709 1101
709 1102
709 1103
709 1104
709 1105
709 1106
709 1107
709 1108
709 1109
709 1110
709 1111
709 1112
709 1113
709 1114
709 1115
709 1116
709 1117
709 1118
709 1119
709 1120
709 1121
709 1122
709 1123
709 1124
709 1125
709 1126
709 1127
709 1128
709 1129
709 1130
709 1131
709 1132
709 1133
709 1134
709 1135
709 1136
709 1137
709 1138
709 1139
709 1140
709 1141
709 1142
709 1143
709 1144
709 1145
709 1146
709 1147
709 1148
709 1149
709 1150
709 1151
709 1152
709 1153
709 1154
709 1155
709 1156
709 1157
709 1158
709 1159
709 1160
709 1161
709 1162
709 1163
709 1164
709 1165
709 1166
709 1167
709 1168
709 1169
709 1170
709 1171
709 1172
709 1173
709 1174
709 1175
709 1176
709 1177
709 1178
709 1179
709 1180
709 1181
709 1182
709 1183
709 1184
709 1185
709 1186
709 1187
709 1188
709 1189
709 1190
709 1191
709 1192
709 1193
709 1194
709 1195
709 1196
709 1197
709 1198
709 1199
709 1200
709 1201
709 1202
709 1203
709 1204
709 1205
709 1206
709 1207
709 1208
709 1209
709 1210
709 1211
709 1212
709 1213
709 1214
709 1215
709 1216
709 1217
709 1218
709 1219
709 1220
709 1221
709 1222
709 1223
709 1224
709 1225
709 1226
709 1227
709 1228
709 1229
709 1230
709 1231
709 1232
709 1233
709 1234
709 1235
709 1236
709 1237
709 1238
709 1239
709 1240
709 1241
709 1242
709 1243
709 1244
709 1245
709 1246
709 1247
709 1248
709 1249
709 1250
709 1251
709 1252
709 1253
709 1254
709 1255
709 1256
709 1257
709 1258
709 1259
709 1260
709 1261
709 1262
709 1263
709 1264
709 1265
709 1266
709 1267
709 1268
709 1269
709 1270
708 1271
708 1272
707 1273
707 1274
706 1275
706 1276
705 1277
705 1278
704 1279
704 1280
703 1281
703 1282
702 1283
702 1284
701 1285
701 1286
700 1287
700 1288
699 1289
699 1290
699 1291
698 1292
698 1293
697 1294
697 1295
696 1296
696 1297
694 1302
694 1302
690 1303
689 1304
688 1304
687 1305
686 1305
685 1306
684 1306
683 1307
682 1307
681 1308
680 1308
679 1309
678 1309
677 1310
676 1310
675 1311
674 1311
673 1312
672 1312
671 1313
670 1313
669 1314
668 1314
667 1314
666 1314
665 1314
664 1314
663 1314
662 1314
661 1314
660 1314
659 1314
658 1314
657 1314
656 1314
655 1314
654 1314
653 1314
652 1314
651 1314
650 1314
649 1314
648 1314
647 1314
646 1314
645 1314
644 1314
643 1314
642 1314
641 1314
640 1314
639 1314
638 1314
637 1313
636 1313
635 1313
634 1313
633 1313
632 1313
631 1313
630 1313
629 1313
628 1313
627 1313
626 1313
625 1313
624 1313
623 1313
622 1313
621 1313
620 1313
619 1313
618 1313
617 1312
616 1312
615 1312
614 1312
613 1312
612 1312
611 1312
610 1312
609 1312
608 1312
607 1312
606 1312
605 1312
604 1312
603 1312
602 1312
601 1312
600 1311
599 1311
598 1311
597 1311
596 1311
595 1311
594 1311
593 1311
592 1311
591 1311
590 1311
589 1311
588 1311
587 1311
586 1311
585 1311
584 1311
583 1311
582 1311
581 1311
580 1311
579 1311
578 1311
577 1311
576 1311
575 1311
574 1311
573 1311
572 1311
571 1311
570 1311
569 1311
568 1311
567 1311
566 1311
565 1311
564 1311
563 1311
562 1311
561 1311
560 1310
559 1310
558 1310
557 1310
556 1310
555 1310
554 1310
553 1310
552 1310
551 1310
550 1310
549 1310
548 1310
547 1310
546 1310
545 1310
544 1310
543 1310
542 1310
541 1310
540 1310
539 1310
538 1310
537 1310
536 1310
535 1310
534 1310
533 1310
532 1310
531 1310
530 1310
529 1310
528 1310
527 1310
526 1310
525 1310
524 1310
523 1310
522 1310
521 1310
520 1310
519 1310
518 1310
517 1310
516 1310
515 1310
514 1310
513 1310
512 1310
511 1310
510 1310
509 1310
508 1310
507 1310
506 1310
505 1310
504 1310
503 1310
502 1310
501 1310
500 1310
499 1310
498 1310
497 1310
496 1310
495 1309
494 1309
493 1309
492 1309
491 1309
490 1309
489 1309
488 1309
487 1309
486 1309
485 1309
484 1309
483 1309
482 1309
481 1309
480 1309
479 1309
478 1309
477 1309
476 1309
475 1309
474 1309
473 1309
472 1309
471 1309
470 1309
469 1309
468 1309
467 1309
466 1309
465 1309
464 1309
463 1309
462 1309
461 1309
460 1309
459 1309
458 1309
457 1309
456 1309
455 1309
454 1309
453 1309
452 1309
451 1309
450 1309
449 1309
448 1309
447 1309
446 1309
445 1309
444 1309
443 1309
442 1309
441 1309
440 1309
439 1309
438 1309
437 1309
436 1309
435 1309
434 1309
433 1309
432 1309
431 1309
430 1309
429 1309
428 1309
427 1309
426 1309
425 1309
424 1309
423 1309
422 1309
421 1309
420 1309
419 1309
418 1309
417 1309
416 1309
415 1309
414 1309
413 1309
412 1309
411 1309
410 1309
409 1309
408 1309
407 1309
406 1309
405 1309
404 1309
403 1309
402 1309
401 1309
400 1309
399 1309
398 1309
397 1309
396 1309
395 1309
394 1309
393 1309
392 1309
391 1309
390 1309
389 1309
388 1309
387 1309
386 1309
385 1309
384 1309
383 1309
382 1309
381 1309
380 1309
379 1309
378 1309
377 1309
376 1309
375 1309
374 1309
373 1309
372 1309
371 1309
370 1309
369 1309
368 1309
367 1309
366 1309
365 1309
364 1309
363 1309
362 1309
361 1309
360 1309
359 1309
358 1309
357 1309
356 1309
355 1309
354 1308
353 1308
352 1308
351 1308
350 1308
349 1308
348 1308
347 1308
346 1308
345 1308
344 1308
343 1308
342 1308
341 1308
340 1308
339 1308
338 1308
337 1308
336 1308
335 1307
334 1307
333 1307
332 1307
331 1307
330 1307
329 1307
328 1307
327 1307
326 1307
325 1307
324 1308
323 1308
322 1308
321 1307
320 1307
319 1308
318 1308
317 1308
316 1308
315 1307
314 1307
313 1307
312 1307
311 1307
310 1307
309 1307
308 1307
307 1307
306 1307
305 1307
304 1307
303 1306
302 1306
301 1306
300 1306
299 1306
298 1306
297 1306
296 1306
295 1306
294 1305
293 1305
292 1305
291 1305
290 1305
289 1305
288 1305
287 1305
286 1305
285 1305
284 1305
283 1304
282 1304
281 1304
280 1304
279 1304
278 1304
277 1304
276 1304
275 1304
274 1304
273 1304
272 1304
271 1304
270 1304
269 1304
268 1304
267 1304
266 1304
265 1304
264 1304
263 1304
262 1304
261 1304
260 1304
259 1304
258 1304
257 1304
256 1304
255 1304
254 1304
253 1304
252 1304
251 1304
250 1304
249 1304
248 1304
247 1304
246 1304
245 1304
244 1304
243 1304
242 1304
241 1304
240 1304
239 1304
238 1304
237 1304
236 1303
235 1303
234 1303
233 1303
232 1303
231 1303
230 1303
229 1303
228 1303
227 1303
226 1303
225 1303
224 1303
223 1303
222 1303
221 1303
220 1303
219 1303
218 1303
217 1303
216 1303
215 1303
214 1303
213 1303
212 1303
211 1303
210 1303
209 1303
208 1303
207 1303
206 1303
205 1303
204 1303
203 1303
202 1303
201 1303
200 1303
199 1303
198 1303
197 1303
196 1303
195 1303
194 1303
193 1303
192 1303
191 1303
190 1303
189 1303
188 1303
187 1303
186 1303
185 1303
184 1303
183 1303
182 1303
181 1303
180 1303
179 1303
178 1303
177 1303
176 1303
175 1303
174 1303
173 1303
172 1303
171 1303
170 1302
169 1302
168 1302
167 1302
166 1302
165 1302
164 1302
163 1302
162 1302
161 1302
160 1302
159 1302
158 1302
157 1302
156 1302
155 1302
154 1302
153 1302
152 1302
151 1302
150 1302
149 1302
148 1302
147 1302
146 1302
145 1302
144 1302
143 1302
142 1302
141 1302
140 1302
139 1302
138 1302
137 1302
136 1302
135 1302
134 1302
133 1301
132 1301
131 1301
130 1301
129 1301
128 1301
127 1301
126 1301
125 1301
124 1301
123 1301
122 1301
121 1302
120 1302
119 1303
118 1303
117 1304
116 1304
115 1305
114 1305
113 1306
112 1306
111 1307
110 1307
109 1308
108 1308
107 1309
106 1309
105 1310
104 1311
103 1311
102 1312
101 1312
100 1313
99 1313
98 1314
97 1314
96 1315
95 1315
94 1316
93 1317
92 1317
91 1318
87 1320
87 1320
85 1324
85 1325
85 1326
84 1327
84 1328
84 1329
83 1330
83 1331
82 1332
82 1333
82 1334
81 1335
81 1336
81 1337
80 1338
80 1339
80 1340
79 1341
79 1342
79 1343
78 1344
78 1345
78 1346
78 1347
78 1348
78 1349
79 1350
79 1351
79 1352
79 1353
79 1354
79 1355
80 1356
80 1357
80 1358
80 1359
80 1360
81 1361
81 1362
81 1363
81 1364
81 1365
81 1366
81 1367
81 1368
82 1369
82 1370
82 1371
82 1372
82 1373
82 1374
82 1375
82 1376
82 1377
82 1378
82 1379
82 1380
82 1381
82 1382
82 1383
82 1384
82 1385
82 1386
83 1387
83 1388
83 1389
83 1390
83 1391
83 1392
83 1393
83 1394
83 1395
83 1396
83 1397
83 1398
83 1399
83 1400
83 1401
83 1402
83 1403
83 1404
83 1405
83 1406
83 1407
83 1408
83 1409
83 1410
83 1411
83 1412
83 1413
83 1414
83 1415
83 1416
83 1417
83 1418
83 1419
83 1420
83 1421
83 1422
83 1423
83 1424
83 1425
83 1426
83 1427
83 1428
83 1429
83 1430
83 1431
83 1432
83 1433
83 1434
83 1435
83 1436
83 1437
83 1438
83 1439
83 1440
83 1441
83 1442
83 1443
83 1444
83 1445
83 1446
83 1447
83 1448
83 1449
83 1450
83 1451
83 1452
83 1453
83 1454
83 1455
83 1456
83 1457
83 1458
83 1459
83 1460
83 1461
83 1462
83 1463
83 1464
83 1465
83 1466
83 1467
83 1468
83 1469
83 1470
83 1471
83 1472
83 1473
84 1474
84 1475
84 1476
84 1477
84 1478
85 1479
85 1480
85 1481
85 1482
86 1483
86 1484
86 1485
87 1486
87 1487
88 1488
88 1489
88 1490
88 1491
88 1492
88 1493
88 1494
88 1495
88 1496
88 1497
88 1498
88 1499
88 1500
88 1501
88 1502
88 1503
88 1504
88 1505
88 1506
88 1507
88 1508
88 1509
88 1510
88 1511
88 1512
88 1513
88 1514
88 1515
88 1516
88 1517
88 1518
88 1519
88 1520
88 1521
88 1522
88 1523
88 1524
88 1525
88 1526
88 1527
88 1528
88 1529
88 1530
88 1531
88 1532
88 1533
88 1534
88 1535
88 1536
88 1537
88 1538
88 1539
88 1540
88 1541
88 1542
88 1543
88 1544
88 1545
88 1546
88 1547
88 1548
88 1549
88 1550
88 1551
88 1552
88 1553
88 1554
88 1555
88 1556
88 1557
88 1558
88 1559
88 1560
88 1561
88 1562
88 1563
88 1564
88 1565
88 1566
88 1567
88 1568
88 1569
88 1570
88 1571
88 1572
88 1573
88 1574
88 1575
88 1576
88 1577
88 1578
88 1579
88 1580
88 1581
88 1582
88 1583
88 1584
88 1585
88 1586
88 1587
88 1588
88 1589
88 1590
88 1591
88 1592
88 1593
88 1594
88 1595
88 1596
88 1597
88 1598
88 1599
88 1600
88 1601
88 1602
88 1603
88 1604
88 1605
88 1606
88 1607
88 1608
89 1609
89 1610
89 1611
89 1612
89 1613
89 1614
89 1615
89 1616
89 1617
89 1618
89 1619
89 1620
89 1621
89 1622
89 1623
89 1624
89 1625
89 1626
89 1627
89 1628
89 1629
89 1630
89 1631
89 1632
90 1633
90 1634
90 1635
90 1636
90 1637
90 1638
90 1639
90 1640
90 1641
90 1642
90 1643
90 1644
90 1645
90 1646
90 1647
90 1648
90 1649
90 1650
90 1651
90 1652
90 1653
90 1654
90 1655
90 1656
90 1657
90 1658
90 1659
90 1660
90 1661
90 1662
90 1663
90 1664
90 1665
90 1666
90 1667
90 1668
90 1669
90 1670
90 1671
90 1672
90 1673
90 1674
90 1675
90 1676
90 1677
90 1678
90 1679
90 1680
90 1681
90 1682
90 1683
90 1684
90 1685
90 1686
90 1687
90 1688
90 1689
90 1690
90 1691
90 1692
90 1693
90 1694
90 1695
90 1696
90 1697
90 1698
90 1699
90 1700
90 1701
90 1702
90 1703
90 1704
90 1705
90 1706
90 1707
90 1708
90 1709
90 1710
90 1711
90 1712
90 1713
90 1714
90 1715
90 1716
90 1717
90 1718
90 1719
90 1720
90 1721
90 1722
90 1723
90 1724
90 1725
90 1726
90 1727
90 1728
90 1729
90 1730
90 1731
90 1732
90 1733
90 1734
90 1735
90 1736
90 1737
90 1738
90 1739
90 1740
90 1741
90 1742
90 1743
90 1744
90 1745
90 1746
90 1747
90 1748
90 1749
90 1750
90 1751
90 1752
90 1753
90 1754
90 1755
90 1756
90 1757
90 1758
90 1759
90 1760
90 1761
90 1762
90 1763
90 1764
90 1765
90 1766
90 1767
90 1768
90 1769
90 1770
90 1771
90 1772
90 1773
90 1774
90 1775
90 1776
90 1777
90 1778
90 1779
90 1780
90 1781
90 1782
90 1783
90 1784
90 1785
90 1786
90 1787
90 1788
90 1789
90 1790
90 1791
90 1792
90 1793
90 1794
90 1795
90 1796
90 1797
90 1798
90 1799
90 1800
90 1801
90 1802
90 1803
90 1804
90 1805
90 1806
90 1807
90 1808
90 1809
90 1810
90 1811
90 1812
91 1813
91 1814
91 1815
91 1816
91 1817
91 1818
91 1819
91 1820
91 1821
91 1822
91 1823
91 1824
91 1825
91 1826
91 1827
91 1828
92 1829
92 1830
92 1831
92 1832
92 1833
92 1834
92 1835
92 1836
93 1837
93 1838
93 1839
93 1840
94 1841
94 1842
94 1843
94 1844
94 1845
94 1846
94 1847
95 1848
95 1849
95 1850
95 1851
95 1852
95 1853
96 1854
96 1855
97 1856
97 1857
98 1858
98 1859
99 1860
99 1861
100 1862
100 1863
101 1864
101 1865
102 1866
102 1867
103 1868
103 1869
104 1870
104 1871
105 1872
105 1873
106 1874
106 1875
107 1876
107 1877
108 1878
108 1879
109 1880
109 1881
110 1882
111 1882
112 1883
113 1884
114 1884
115 1885
116 1885
117 1886
118 1886
119 1887
120 1887
121 1888
122 1888
123 1889
124 1889
125 1890
126 1890
127 1891
128 1892
129 1892
130 1893
131 1893
132 1893
133 1893
134 1893
135 1893
136 1893
137 1893
138 1893
139 1893
140 1893
141 1893
142 1893
143 1893
144 1893
145 1893
146 1893
147 1893
148 1893
149 1893
150 1893
151 1893
152 1893
153 1893
154 1893
155 1893
156 1893
157 1893
158 1893
159 1893
160 1893
161 1893
162 1893
163 1893
164 1893
165 1893
166 1893
167 1893
168 1893
169 1893
170 1893
171 1893
172 1893
173 1893
174 1893
175 1893
176 1893
177 1893
178 1893
179 1893
180 1893
181 1893
182 1893
183 1893
184 1893
185 1893
186 1893
187 1893
188 1893
189 1893
190 1893
191 1893
192 1893
193 1893
194 1893
195 1893
196 1893
197 1893
198 1893
199 1893
200 1893
201 1893
202 1893
203 1893
204 1893
205 1893
206 1893
207 1893
208 1893
209 1893
210 1893
211 1893
212 1893
213 1893
214 1893
215 1893
216 1893
217 1893
218 1893
219 1892
220 1892
221 1892
222 1892
223 1892
224 1892
225 1892
226 1892
227 1892
228 1892
229 1892
230 1892
231 1892
232 1892
233 1892
234 1892
235 1892
236 1892
237 1892
238 1892
239 1892
240 1892
241 1892
242 1892
243 1892
244 1892
245 1892
246 1892
247 1892
248 1892
249 1892
250 1892
251 1892
252 1892
253 1892
254 1892
255 1892
256 1892
257 1893
258 1893
259 1893
260 1893
261 1893
262 1893
263 1893
264 1893
265 1893
266 1893
267 1893
268 1893
269 1893
270 1893
271 1893
272 1893
273 1893
274 1893
275 1893
276 1893
277 1893
278 1893
279 1893
280 1893
281 1893
282 1893
283 1893
284 1893
285 1893
286 1893
287 1893
288 1893
289 1893
290 1894
291 1894
292 1894
293 1894
294 1894
295 1894
296 1894
297 1894
298 1894
299 1894
300 1894
301 1894
302 1894
303 1894
304 1894
305 1894
306 1894
307 1894
308 1894
309 1894
310 1894
311 1894
312 1894
313 1894
314 1894
315 1894
316 1894
317 1894
318 1894
319 1894
320 1894
321 1894
322 1894
323 1894
324 1894
325 1894
326 1894
327 1894
328 1894
329 1894
330 1894
331 1894
332 1894
333 1894
334 1894
335 1894
336 1894
337 1894
338 1894
339 1894
340 1894
341 1894
342 1894
343 1894
344 1894
345 1894
346 1894
347 1894
348 1894
349 1894
350 1894
351 1894
352 1894
353 1894
354 1893
355 1893
356 1893
357 1893
358 1893
359 1893
360 1893
361 1893
362 1893
363 1893
364 1893
365 1893
366 1893
367 1893
368 1893
369 1893
370 1893
371 1893
372 1893
373 1893
374 1893
375 1893
376 1893
377 1893
378 1893
379 1893
380 1893
381 1893
382 1893
383 1893
384 1893
385 1893
386 1893
387 1893
388 1893
389 1893
390 1893
391 1893
392 1893
393 1893
394 1893
395 1893
396 1893
397 1893
398 1893
399 1893
400 1893
401 1893
402 1893
403 1893
404 1893
405 1893
406 1893
407 1893
408 1893
409 1893
410 1893
411 1893
412 1893
413 1893
414 1893
415 1893
416 1893
417 1893
418 1893
419 1893
420 1893
421 1893
422 1893
423 1893
424 1893
425 1893
426 1893
427 1893
428 1893
429 1893
430 1893
431 1893
432 1893
433 1893
434 1893
435 1893
436 1893
437 1893
438 1893
439 1893
440 1893
441 1893
442 1893
443 1893
444 1893
445 1893
446 1893
447 1893
448 1893
449 1893
450 1893
451 1893
452 1893
453 1893
454 1893
455 1893
456 1893
457 1893
458 1893
459 1893
460 1893
461 1893
462 1893
463 1893
464 1893
465 1893
466 1893
467 1893
468 1893
469 1893
470 1893
471 1893
472 1893
473 1893
474 1893
475 1893
476 1893
477 1893
478 1893
479 1893
480 1893
481 1893
482 1893
483 1893
484 1893
485 1893
486 1893
487 1893
488 1893
489 1893
490 1893
491 1893
492 1893
493 1893
494 1893
495 1893
496 1893
497 1893
498 1893
499 1893
500 1893
501 1893
502 1893
503 1893
504 1893
505 1892
506 1892
507 1892
508 1892
509 1892
510 1892
511 1892
512 1892
513 1892
514 1892
515 1892
516 1892
517 1891
518 1891
519 1891
520 1891
521 1891
522 1891
523 1891
524 1891
525 1891
526 1891
527 1890
528 1890
529 1890
530 1890
531 1890
532 1890
533 1890
534 1890
535 1890
536 1890
537 1889
538 1889
539 1889
540 1889
541 1888
542 1888
543 1888
544 1888
545 1888
546 1887
547 1887
548 1887
549 1887
550 1887
551 1887
552 1887
553 1886
554 1886
555 1886
556 1886
557 1886
558 1886
559 1886
560 1886
561 1886
562 1886
563 1886
564 1886
565 1886
566 1886
567 1886
568 1886
569 1886
570 1886
571 1886
572 1886
573 1886
574 1886
575 1886
576 1886
577 1886
578 1886
579 1886
580 1886
581 1886
582 1886
583 1886
584 1886
585 1886
586 1886
587 1886
588 1886
589 1886
590 1886
591 1886
592 1886
593 1886
594 1886
595 1886
596 1886
597 1886
598 1886
599 1886
600 1886
601 1886
602 1886
603 1886
604 1886
605 1886
606 1886
607 1886
608 1886
609 1886
610 1886
611 1886
612 1886
613 1886
614 1886
615 1886
616 1886
617 1886
618 1886
619 1886
620 1886
621 1886
622 1886
623 1886
624 1886
625 1886
626 1886
627 1886
628 1886
629 1886
630 1886
631 1886
632 1886
633 1886
634 1886
635 1886
636 1886
637 1886
638 1886
639 1886
640 1886
641 1886
642 1886
643 1886
644 1886
645 1886
646 1886
647 1886
648 1886
649 1886
650 1886
651 1887
652 1887
653 1887
654 1887
655 1887
656 1887
657 1887
658 1887
659 1887
660 1887
661 1887
662 1887
663 1887
664 1887
665 1888
666 1888
667 1888
668 1888
669 1888
670 1888
671 1888
672 1888
673 1888
674 1888
675 1888
676 1888
677 1888
678 1888
679 1889
680 1889
681 1889
682 1889
683 1889
684 1889
685 1889
686 1889
687 1889
688 1889
689 1890
690 1890
691 1890
692 1890
693 1890
694 1890
695 1890
696 1890
697 1890
698 1891
699 1891
700 1891
701 1891
702 1891
703 1891
704 1891
705 1891
706 1891
707 1891
708 1891
709 1891
710 1891
711 1891
712 1891
713 1891
714 1891
715 1891
716 1891
717 1891
718 1891
719 1891
720 1891
721 1891
722 1891
723 1891
724 1891
725 1891
726 1891
727 1891
728 1891
729 1891
730 1891
731 1891
732 1891
733 1891
734 1891
735 1891
736 1891
737 1891
738 1891
739 1891
740 1891
741 1891
742 1891
743 1891
744 1891
745 1891
746 1891
747 1892
748 1892
749 1892
750 1891
751 1891
752 1891
753 1891
754 1892
755 1892
756 1892
757 1891
758 1891
759 1891
760 1891
761 1891
762 1891
763 1892
764 1892
765 1892
766 1892
767 1892
768 1892
769 1892
770 1892
771 1892
772 1892
773 1892
774 1892
775 1892
776 1892
777 1892
778 1892
779 1892
780 1892
781 1892
782 1892
783 1892
784 1893
785 1893
786 1893
787 1893
788 1892
789 1892
790 1892
791 1892
792 1892
793 1892
794 1892
795 1893
796 1893
797 1893
798 1892
799 1892
800 1892
801 1892
802 1892
803 1892
804 1892
805 1892
806 1892
807 1892
808 1892
809 1892
810 1892
811 1892
812 1892
813 1892
814 1892
815 1892
816 1892
817 1892
818 1892
819 1892
820 1892
821 1892
822 1892
823 1892
824 1892
825 1892
826 1892
827 1892
828 1892
829 1892
830 1892
831 1892
832 1892
833 1892
834 1892
835 1892
836 1892
837 1892
838 1892
839 1892
840 1892
841 1892
842 1892
843 1892
844 1892
845 1892
846 1892
847 1892
848 1893
849 1893
850 1893
851 1893
852 1893
853 1893
854 1893
855 1893
856 1893
857 1893
858 1893
859 1893
860 1893
861 1893
862 1893
863 1893
864 1893
865 1893
866 1893
867 1893
868 1893
869 1893
870 1894
871 1894
872 1894
873 1894
874 1894
875 1894
876 1894
877 1894
878 1894
879 1894
880 1894
881 1894
882 1894
883 1894
884 1894
885 1894
886 1894
887 1894
888 1894
889 1894
890 1894
891 1894
892 1894
893 1894
894 1894
895 1894
896 1894
897 1894
898 1894
899 1894
900 1894
901 1894
902 1894
903 1894
904 1894
905 1894
906 1894
907 1894
908 1894
909 1894
910 1894
911 1894
912 1894
913 1894
914 1894
915 1894
916 1894
917 1894
918 1894
919 1894
920 1894
921 1894
922 1894
923 1894
924 1894
925 1894
926 1893
927 1893
928 1893
929 1893
930 1893
931 1894
932 1894
933 1894
934 1893
935 1893
936 1893
937 1893
938 1893
939 1893
940 1893
941 1893
942 1893
943 1893
944 1893
945 1893
946 1893
947 1893
948 1893
949 1893
950 1893
951 1892
952 1892
953 1892
954 1891
955 1891
956 1890
957 1890
958 1890
959 1889
960 1889
961 1888
962 1888
963 1888
964 1888
965 1888
966 1887
967 1887
968 1887
969 1887
970 1886
971 1886
972 1886
973 1886
974 1886
975 1886
976 1886
977 1886
978 1885
979 1885
980 1885
981 1885
982 1885
983 1885
984 1885
985 1885
986 1885
987 1885
988 1885
989 1885
990 1885
991 1885
992 1885
993 1884
994 1884
995 1884
996 1884
997 1884
998 1884
999 1884
1000 1884
1001 1884
1002 1884
1003 1884
1004 1884
1005 1884
1006 1884
1007 1884
1008 1884
1009 1884
1010 1884
1011 1884
1012 1884
1013 1884
1014 1884
1015 1884
1016 1884
1017 1884
1018 1884
1019 1884
1020 1884
1021 1884
1022 1884
1023 1884
1024 1884
1025 1884
1026 1884
1027 1884
1028 1884
1029 1884
1030 1884
1031 1884
1032 1884
1033 1884
1034 1884
1035 1884
1036 1884
1037 1884
1038 1884
1039 1884
1040 1884
1041 1884
1042 1884
1043 1884
1044 1884
1045 1884
1046 1884
1047 1884
1048 1884
1049 1884
1050 1884
1051 1884
1052 1884
1053 1884
1054 1884
1055 1884
1056 1884
1057 1884
1058 1884
1059 1884
1060 1884
1061 1884
1062 1884
1063 1884
1064 1884
1065 1884
1066 1884
1067 1884
1068 1884
1069 1884
1070 1884
1071 1884
1072 1884
1073 1884
1074 1884
1075 1884
1076 1884
1077 1884
1078 1884
1079 1884
1080 1884
1081 1884
1082 1884
1083 1884
1084 1884
1085 1884
1086 1884
1087 1884
1088 1884
1089 1884
1090 1884
1091 1884
1092 1884
1093 1884
1094 1884
1095 1884
1096 1884
1097 1884
1098 1884
1099 1884
1100 1884
1101 1884
1102 1884
1103 1884
1104 1884
1105 1884
1106 1884
1107 1884
1108 1884
1109 1885
1110 1885
1111 1885
1112 1884
1113 1884
1114 1884
1115 1884
1116 1884
1117 1884
1118 1884
1119 1884
1120 1884
1121 1884
1122 1884
1123 1884
1124 1884
1125 1884
1126 1884
1127 1884
1128 1884
1129 1884
1130 1884
1131 1884
1132 1884
1133 1884
1134 1884
1135 1884
1136 1884
1137 1884
1138 1884
1139 1884
1140 1884
1141 1884
1142 1884
1143 1884
1144 1884
1145 1884
1146 1884
1147 1884
1148 1884
1149 1884
1150 1884
1151 1884
1152 1884
1153 1884
1154 1884
1155 1884
1156 1884
1157 1884
1158 1884
1159 1884
1160 1884
1161 1884
1162 1884
1163 1884
1164 1884
1165 1884
1166 1884
1167 1884
1168 1884
1169 1884
1170 1884
1171 1884
1172 1885
1173 1885
1174 1885
1175 1885
1176 1885
1177 1885
1178 1885
1179 1885
1180 1885
1181 1885
1182 1885
1183 1885
1184 1885
1185 1885
1186 1886
1187 1886
1188 1886
1189 1886
1190 1886
1191 1886
1192 1886
1193 1887
1194 1887
1195 1887
1196 1887
1197 1887
1198 1888
1199 1888
1200 1888
1201 1888
1202 1888
1203 1888
1204 1888
1205 1888
1206 1888
1207 1888
1208 1888
1209 1888
1210 1888
1211 1888
1212 1888
1213 1888
1214 1888
1215 1888
1216 1888
1217 1888
1218 1888
1219 1888
1220 1888
1221 1888
1222 1888
1223 1888
1224 1888
1225 1888
1226 1888
1227 1888
1228 1888
1229 1888
1230 1888
1231 1888
1232 1888
1233 1888
1234 1888
1235 1888
1236 1888
1237 1888
1238 1888
1239 1888
1240 1888
1241 1888
1242 1888
1243 1888
1244 1888
1245 1888
1246 1888
1247 1888
1248 1888
1249 1888
1250 1888
1251 1888
1252 1888
1253 1889
1254 1889
1255 1889
1256 1889
1257 1889
1258 1889
1259 1889
1260 1889
1261 1889
1262 1889
1263 1889
1264 1889
1265 1889
1266 1889
1267 1889
1268 1889
1269 1889
1270 1889
1271 1889
1272 1889
1273 1889
1274 1889
1275 1889
1276 1889
1277 1889
1278 1889
1279 1889
1280 1889
1281 1889
1282 1889
1283 1889
1284 1889
1285 1889
1286 1889
1287 1890
1288 1890
1289 1890
1290 1890
1291 1890
1292 1890
1293 1890
1294 1890
1295 1890
1296 1890
1297 1890
1298 1890
1299 1891
1300 1891
1301 1891
1302 1891
1303 1891
1304 1891
1305 1891
1306 1891
1307 1892
1308 1892
1309 1892
1310 1892
1311 1892
1312 1893
1313 1893
1314 1893
1315 1893
1316 1893
1317 1893
1318 1893
1319 1893
1320 1893
1321 1893
1322 1893
1323 1893
1324 1893
1325 1893
1326 1893
1327 1893
1328 1893
1329 1893
1330 1893
1331 1893
1332 1893
1333 1893
1334 1893
1335 1893
1336 1893
1337 1893
1338 1893
1339 1893
1340 1893
1341 1894
1342 1894
1343 1894
1344 1894
1345 1894
1346 1894
1347 1894
1348 1894
1349 1894
1350 1894
1351 1894
1352 1894
1353 1895
1354 1895
1355 1895
1356 1895
1357 1895
1358 1895
1359 1895
1360 1895
1361 1895
1362 1895
1363 1895
1364 1895
1365 1896
1366 1896
1367 1896
1368 1896
1369 1896
1370 1896
1371 1896
1372 1897
1373 1897
1374 1897
1375 1897
1376 1897
1377 1897
1378 1897
1379 1898
1380 1898
1381 1898
1382 1898
1383 1898
1384 1898
1385 1898
1386 1898
1387 1898
1388 1898
1389 1898
1390 1898
1391 1898
1392 1898
1393 1899
1394 1899
1395 1899
1396 1899
1397 1899
1398 1899
1399 1899
1400 1899
1401 1899
1402 1899
1403 1899
1404 1899
1405 1899
1406 1899
1407 1899
1408 1899
1409 1899
1410 1899
1411 1899
1412 1899
1413 1899
1414 1899
1415 1899
1416 1899
1417 1899
1418 1899
1419 1899
1420 1899
1421 1899
1422 1898
1423 1898
1424 1898
1425 1898
1426 1897
1427 1897
1428 1897
1429 1896
1430 1896
1431 1896
1432 1895
1433 1895
1434 1895
1435 1894
1436 1894
1437 1893
1438 1893
1439 1892
1440 1892
1441 1891
1442 1891
1443 1890
1444 1889
1445 1889
1446 1888
1447 1888
1451 1885
1451 1885
1453 1881
1453 1880
1454 1879
1454 1878
1455 1877
1455 1876
1456 1875
1456 1874
1457 1873
1457 1872
1458 1871
1458 1870
1459 1869
1459 1868
1460 1867
1460 1866
1461 1865
1461 1864
1462 1863
1462 1862
1463 1861
1463 1860
1464 1859
1464 1858
1465 1857
1465 1856
1466 1855
1466 1854
1466 1853
1466 1852
1466 1851
1466 1850
1466 1849
1466 1848
1466 1847
1466 1846
1466 1845
1466 1844
1466 1843
1466 1842
1466 1841
1466 1840
1466 1839
1466 1838
1466 1837
1466 1836
1466 1835
1466 1834
1466 1833
1466 1832
1466 1831
1466 1830
1466 1829
1466 1828
1466 1827
1466 1826
1466 1825
1466 1824
1466 1823
1466 1822
1466 1821
1466 1820
1466 1819
1466 1818
1466 1817
1466 1816
1466 1815
1466 1814
1466 1813
1466 1812
1466 1811
1466 1810
1466 1809
1466 1808
1466 1807
1466 1806
1466 1805
1466 1804
1466 1803
1466 1802
1466 1801
1466 1800
1466 1799
1466 1798
1466 1797
1466 1796
1466 1795
1466 1794
1466 1793
1466 1792
1466 1791
1466 1790
1466 1789
1466 1788
1466 1787
1466 1786
1466 1785
1466 1784
1466 1783
1466 1782
1466 1781
1466 1780
1466 1779
1466 1778
1466 1777
1466 1776
1466 1775
1466 1774
1466 1773
1466 1772
1466 1771
1466 1770
1466 1769
1466 1768
1466 1767
1466 1766
1466 1765
1466 1764
1466 1763
1466 1762
1466 1761
1466 1760
1466 1759
1466 1758
1466 1757
1466 1756
1466 1755
1466 1754
1465 1753
1465 1752
1465 1751
1465 1750
1465 1749
1465 1748
1465 1747
1465 1746
1465 1745
1465 1744
1465 1743
1465 1742
1465 1741
1465 1740
1464 1739
1464 1738
1464 1737
1464 1736
1464 1735
1464 1734
1464 1733
1464 1732
1464 1731
1464 1730
1464 1729
1464 1728
1464 1727
1464 1726
1464 1725
1464 1724
1464 1723
1464 1722
1464 1721
1464 1720
1464 1719
1464 1718
1464 1717
1464 1716
1464 1715
1464 1714
1464 1713
1464 1712
1464 1711
1464 1710
1464 1709
1464 1708
1464 1707
1464 1706
1464 1705
1464 1704
1464 1703
1464 1702
1464 1701
1464 1700
1464 1699
1463 1698
1463 1697
1463 1696
1463 1695
1463 1694
1463 1693
1463 1692
1463 1691
1463 1690
1463 1689
1463 1688
1463 1687
1463 1686
1463 1685
1463 1684
1463 1683
1463 1682
1463 1681
1463 1680
1463 1679
1463 1678
1463 1677
1463 1676
1463 1675
1463 1674
1463 1673
1463 1672
1463 1671
1463 1670
1463 1669
1463 1668
1463 1667
1463 1666
1463 1665
1463 1664
1463 1663
1463 1662
1463 1661
1463 1660
1463 1659
1463 1658
1463 1657
1463 1656
1463 1655
1463 1654
1463 1653
1463 1652
1463 1651
1463 1650
1463 1649
1463 1648
1463 1647
1463 1646
1463 1645
1463 1644
1463 1643
1463 1642
1463 1641
1463 1640
1463 1639
1463 1638
1463 1637
1463 1636
1463 1635
1463 1634
1463 1633
1463 1632
1463 1631
1463 1630
1463 1629
1463 1628
1463 1627
1463 1626
1463 1625
1463 1624
1463 1623
1463 1622
1463 1621
1463 1620
1463 1619
1463 1618
1463 1617
1463 1616
1463 1615
1463 1614
1463 1613
1463 1612
1463 1611
1463 1610
1463 1609
1463 1608
1463 1607
1463 1606
1463 1605
1463 1604
1463 1603
1463 1602
1463 1601
1463 1600
1463 1599
1463 1598
1463 1597
1463 1596
1463 1595
1463 1594
1463 1593
1463 1592
1463 1591
1463 1590
1463 1589
1463 1588
1463 1587
1463 1586
1463 1585
1463 1584
1463 1583
1462 1582
1462 1581
1462 1580
1462 1579
1462 1578
1462 1577
1462 1576
1462 1575
1462 1574
1462 1573
1462 1572
1462 1571
1462 1570
1462 1569
1462 1568
1462 1567
1462 1566
1462 1565
1461 1564
1461 1563
1461 1562
1461 1561
1461 1560
1461 1559
1461 1558
1461 1557
1461 1556
1461 1555
1461 1554
1461 1553
1461 1552
1461 1551
1461 1550
1461 1549
1461 1548
1461 1547
1461 1546
1461 1545
1461 1544
1461 1543
1461 1542
1461 1541
1461 1540
1461 1539
1461 1538
1461 1537
1461 1536
1461 1535
1461 1534
1461 1533
1461 1532
1461 1531
1461 1530
1461 1529
1461 1528
1461 1527
1461 1526
1461 1525
1461 1524
1461 1523
1461 1522
1461 1521
1461 1520
1461 1519
1461 1518
1461 1517
1461 1516
1461 1515
1461 1514
1461 1513
1461 1512
1461 1511
1461 1510
1461 1509
1461 1508
1461 1507
1461 1506
1461 1505
1461 1504
1461 1503
1461 1502
1461 1501
1461 1500
1461 1499
1461 1498
1461 1497
1461 1496
1461 1495
1461 1494
1461 1493
1461 1492
1461 1491
1461 1490
1461 1489
1461 1488
1461 1487
1461 1486
1461 1485
1461 1484
1461 1483
1461 1482
1461 1481
1461 1480
1461 1479
1461 1478
1461 1477
1461 1476
1461 1475
1461 1474
1461 1473
1461 1472
1461 1471
1461 1470
1460 1469
1460 1468
1460 1467
1460 1466
1460 1465
1460 1464
1460 1463
1460 1462
1460 1461
1460 1460
1460 1459
1460 1458
1460 1457
1460 1456
1460 1455
1460 1454
1460 1453
1460 1452
1460 1451
1460 1450
1460 1449
1460 1448
1460 1447
1460 1446
1460 1445
1460 1444
1460 1443
1460 1442
1460 1441
1460 1440
1460 1439
1460 1438
1460 1437
1460 1436
1460 1435
1460 1434
1460 1433
1460 1432
1460 1431
1460 1430
1460 1429
1460 1428
1460 1427
1460 1426
1460 1425
1460 1424
1460 1423
1460 1422
1460 1421
1460 1420
1460 1419
1460 1418
1460 1417
1461 1416
1461 1415
1461 1414
1461 1413
1461 1412
1461 1411
1461 1410
1461 1409
1461 1408
1461 1407
1461 1406
1461 1405
1461 1404
1461 1403
1461 1402
1461 1401
1461 1400
1461 1399
1461 1398
1461 1397
1461 1396
1461 1395
1462 1394
1462 1393
1462 1392
1462 1391
1462 1390
1462 1389
1462 1388
1462 1387
1463 1386
1463 1385
1463 1384
1463 1383
1463 1382
1463 1381
1464 1380
1464 1379
1464 1378
1464 1377
1465 1376
1465 1375
1465 1374
1465 1373
1466 1372
1466 1371
1466 1370
1466 1369
1467 1368
1467 1367
1467 1366
1467 1365
1467 1364
1467 1363
1468 1362
1468 1361
1468 1360
1468 1359
1468 1358
1468 1357
1468 1356
1468 1355
1469 1354
1469 1353
1469 1352
1469 1351
1469 1350
1469 1349
1469 1348
1469 1347
1470 1346
1470 1345
1470 1344
1470 1343
1470 1342
1470 1341
1470 1340
1470 1339
1470 1338
1471 1337
1471 1336
1471 1335
1471 1334
1471 1333
1471 1332
1471 1331
1471 1330
1472 1329
1472 1328
1472 1327
1472 1326
1472 1325
1472 1324
1472 1323
1473 1322
1473 1321
1473 1320
1473 1319
1473 1318
1474 1317
1474 1316
1474 1315
1475 1314
1475 1313
1475 1312
1476 1311
1476 1310
1477 1309
1477 1308
1477 1307
1478 1306
1478 1305
1479 1304
1479 1303
1479 1302
1480 1301
1480 1300
1480 1299
1481 1298
1481 1297
1481 1296
1481 1295
1481 1294
1482 1293
1482 1292
1482 1291
1482 1290
1482 1289
1482 1288
1482 1287
1483 1286
1483 1285
1483 1284
1483 1283
1483 1282
1483 1281
1483 1280
1483 1279
1483 1278
1484 1277
1484 1276
1484 1275
1484 1274
1485 1273
1485 1272
1485 1271
1485 1270
1485 1269
1485 1268
1485 1267
1485 1266
1485 1265
1485 1264
1485 1263
1485 1262
1486 1261
1486 1260
1486 1259
1486 1258
1486 1257
1486 1256
1486 1255
1486 1254
1486 1253
1486 1252
1486 1251
1486 1250
1486 1249
1486 1248
1486 1247
1487 1246
1487 1245
1487 1244
1487 1243
1487 1242
1487 1241
1487 1240
1487 1239
1487 1238
1487 1237
1488 1236
1488 1235
1488 1234
1488 1233
1488 1232
1488 1231
1488 1230
1488 1229
1488 1228
1488 1227
1488 1226
1488 1225
1489 1224
1489 1223
1489 1222
1489 1221
1489 1220
1489 1219
1489 1218
1489 1217
1489 1216
1489 1215
1489 1214
1489 1213
1489 1212
1489 1211
1489 1210
1492 1208
