345 32
345 33
345 34
345 35
345 36
345 37
345 38
345 39
346 40
346 41
346 42
346 43
346 44
346 45
346 46
346 47
346 48
346 49
346 50
346 51
346 52
347 53
347 54
347 55
347 56
347 57
347 58
347 59
347 60
347 61
347 62
347 63
347 64
347 65
347 66
347 67
347 68
347 69
347 70
347 71
347 76
347 76
347 80
348 81
348 82
348 83
347 84
347 85
348 86
348 87
348 88
348 89
348 90
348 91
348 92
348 93
348 94
348 95
348 96
348 97
348 98
348 99
348 100
348 101
349 102
349 103
349 104
349 105
349 106
349 107
349 108
349 109
349 110
349 111
349 112
349 113
350 114
350 115
350 116
350 117
350 118
350 119
350 120
350 121
350 122
350 123
350 124
350 125
350 126
350 127
351 128
351 129
351 130
351 131
351 132
351 133
351 134
351 135
351 136
351 137
351 138
351 139
352 140
352 141
352 142
352 143
352 144
352 145
352 146
352 147
352 148
352 149
352 150
352 151
352 152
352 153
353 154
353 155
353 156
353 157
353 158
353 159
353 160
353 161
353 162
353 163
353 164
353 165
353 166
354 167
354 168
354 169
354 170
354 171
354 172
354 173
354 174
354 175
354 176
354 177
354 178
354 179
355 180
355 181
355 182
355 183
355 184
355 185
355 186
355 187
355 188
355 189
355 190
355 191
356 192
356 193
356 194
356 195
356 196
356 197
356 198
356 199
356 200
356 201
356 202
356 203
356 204
356 205
357 206
357 207
357 208
357 209
357 210
357 211
357 212
357 213
357 214
357 215
357 216
357 217
358 218
358 219
358 220
358 221
358 222
358 223
358 224
358 225
358 226
358 227
359 232
359 232
361 238
362 239
362 240
363 241
363 242
364 243
364 244
365 245
365 246
366 247
366 248
367 249
367 250
371 254
371 254
372 260
372 261
372 262
372 263
372 264
372 265
372 266
372 267
372 268
373 269
373 270
373 271
373 272
373 273
373 274
373 275
374 276
374 277
374 278
374 279
374 280
374 281
374 282
374 283
374 284
375 285
375 286
375 287
375 288
375 289
375 290
375 291
375 292
376 293
376 294
376 295
376 296
376 297
376 298
376 299
376 300
377 301
377 302
377 303
377 304
377 305
377 306
377 307
377 308
378 309
378 310
378 311
378 312
378 313
378 314
378 315
378 316
379 317
379 318
379 319
379 320
379 321
379 322
379 323
379 324
380 325
380 326
380 327
380 328
380 329
380 330
380 331
380 332
380 333
381 334
381 335
381 336
381 337
381 338
381 339
381 340
381 341
382 342
382 343
382 344
382 345
382 346
382 347
382 348
382 349
383 350
383 351
383 352
383 353
383 354
383 355
383 356
383 357
383 358
384 359
384 360
384 361
384 362
384 363
384 364
384 365
384 366
385 367
385 368
385 369
385 370
385 371
385 372
385 373
385 374
385 375
386 376
386 377
386 378
386 379
386 380
386 381
386 382
386 383
387 384
387 385
387 386
387 387
387 388
387 389
387 390
387 391
388 392
388 393
388 394
388 395
388 396
388 397
388 398
388 399
388 400
389 401
389 402
389 403
389 404
389 405
389 406
389 407
389 408
390 409
390 410
390 411
390 412
390 413
390 414
390 415
391 416
391 417
391 418
391 419
391 420
391 421
391 422
391 423
391 424
392 425
392 426
392 427
392 428
392 429
392 430
392 431
392 432
393 433
393 434
393 435
393 436
393 437
393 438
393 439
393 440
393 441
393 442
393 443
394 444
394 445
394 446
394 447
394 448
394 449
394 450
394 451
394 452
394 453
394 454
394 455
394 456
395 457
395 458
395 459
395 460
395 461
395 462
395 463
395 464
395 465
395 466
395 467
395 468
396 469
396 470
396 471
396 472
396 473
394 477
394 477
389 477
388 477
387 477
386 477
385 478
384 478
383 478
382 478
381 478
380 478
379 478
378 478
374 480
374 480
375 484
375 485
375 486
375 487
375 488
376 489
376 490
376 491
376 492
376 493
376 494
376 495
376 496
376 497
376 498
376 499
377 500
377 501
377 502
377 503
377 504
377 505
377 506
377 507
377 508
377 509
377 510
377 511
378 512
378 513
378 514
378 515
378 516
378 517
378 518
378 519
378 520
378 521
378 522
379 523
379 524
379 525
379 526
379 527
379 528
379 529
379 530
379 531
379 532
379 533
380 534
380 535
380 536
380 537
380 538
380 539
380 540
380 541
380 542
380 543
380 544
381 545
381 546
381 547
381 548
381 549
381 550
381 551
381 552
381 553
381 554
382 555
382 556
382 557
382 558
382 559
382 560
382 561
382 562
382 563
382 564
382 565
383 566
383 567
383 568
383 569
383 570
383 571
383 572
383 573
383 574
383 575
383 576
383 577
384 578
384 579
384 580
384 581
384 582
384 583
384 584
384 585
384 586
384 587
385 588
385 589
385 590
385 591
385 592
385 593
385 594
385 595
385 596
385 597
385 598
385 599
386 600
386 601
386 602
386 603
386 604
386 605
386 606
386 607
386 608
386 609
386 610
386 611
387 612
387 613
387 614
387 615
387 616
387 617
387 618
387 619
387 620
387 621
388 622
388 623
388 624
388 625
388 626
388 627
388 628
388 629
388 630
388 631
388 632
389 636
389 636
389 641
389 642
390 643
390 644
390 645
390 646
390 647
390 648
390 649
390 650
390 651
390 652
390 653
391 654
391 655
391 656
391 657
391 658
391 659
391 660
391 661
391 662
391 663
392 664
392 665
392 666
392 667
392 668
392 669
392 670
392 671
392 672
392 673
393 674
393 675
393 676
393 677
393 678
393 679
393 680
393 681
393 682
393 683
393 684
394 685
394 686
394 687
394 688
394 689
394 690
394 691
394 692
394 693
394 694
395 695
395 696
395 697
395 698
395 699
395 700
395 701
395 702
395 703
396 704
396 705
396 706
396 707
396 708
394 712
394 712
392 714
391 714
390 714
389 714
388 714
387 714
386 714
385 714
384 714
383 714
382 714
381 714
380 714
379 714
378 714
377 714
376 714
375 714
374 714
373 714
372 714
371 714
370 714
369 714
368 714
367 714
366 714
365 714
364 714
363 714
362 714
361 714
360 714
359 714
358 714
357 714
356 714
355 714
354 714
353 714
352 714
351 714
350 714
349 714
348 714
347 714
346 714
345 714
344 714
343 714
342 714
341 715
340 715
339 715
338 715
337 715
336 715
335 715
334 715
333 715
332 715
331 715
330 715
329 715
328 715
327 715
326 715
325 715
324 714
323 714
322 715
321 715
320 715
319 715
318 715
317 715
316 715
315 715
314 715
313 715
312 715
311 715
310 715
309 715
308 715
307 715
306 715
305 715
304 715
303 715
302 715
301 715
300 715
299 715
298 715
297 715
296 715
295 715
294 715
293 715
292 715
291 715
290 715
289 715
288 715
287 715
286 715
285 715
284 715
283 715
282 715
281 715
280 715
279 715
278 715
277 715
276 715
275 715
274 715
273 715
272 715
271 715
270 715
269 715
268 715
267 715
266 715
265 715
264 715
263 715
262 715
261 715
260 715
259 715
258 715
257 715
256 715
255 715
254 715
253 715
252 715
251 715
250 715
249 715
248 715
247 715
246 715
245 715
244 715
243 715
242 715
241 715
240 715
239 715
238 715
237 715
236 715
235 715
234 715
233 715
232 715
231 715
230 715
229 715
228 715
227 715
226 715
225 715
224 715
223 715
222 715
221 715
220 715
219 715
218 715
217 715
216 715
215 715
214 715
213 715
212 715
211 715
210 715
209 715
208 715
207 715
206 715
205 715
204 715
203 715
202 715
201 715
200 715
199 715
198 715
197 715
196 715
195 715
194 715
193 715
192 715
191 715
190 715
189 715
188 716
187 716
186 715
185 715
184 715
183 715
182 715
181 715
180 715
179 715
178 715
177 715
176 715
175 715
174 715
173 716
172 716
