887 403
886.9986587974797 405.1595918802049
886.9962446192579 406.6468571794018
886.9908261153171 407.85160807709053
886.9780684812367 408.9376452510473
886.9477656147509 409.97379842018154
886.8756752327433 410.9889901176946
886.7041250425917 411.99537371386447
886.2958749054031 412.99805610764287
886.124324722248 413.99918324122524
886.0522343528705 414.9996568498976
886.0219315022122 415.9998558473886
886.0091738841629 416.99993945508095
886.0037553935498 417.99997457832205
886.0013412237848 418.9999893306429
886.0000000239768 419.999995524995
885.9986588207963 420.9999981247576
885.9962446421516 421.9999992151479
885.9908261412096 422.99999967204707
885.9780685196848 423.999999863251
885.9477656888835 424.9999999431289
885.875675397384 425.9999999764248
885.7041254277405 426.999999990265
885.2958758199443 427.9999999959984
885.1243269008631 428.9999999983637
885.0522395436271 429.9999999993348
885.0219438647974 430.9999999997314
885.0092033172334 431.9999999998923
885.0038254529773 432.9999999999571
885.0015079663497 433.99999999998306
885.0003968515084 434.99999999999335
884.9996032002152 435.99999999999744
884.9984920776807 436.9999999999991
884.9961745768035 437.9999999999997
884.990796693873 439.0
884.9780561260561 440.0
884.9477604285494 441.0
884.875673057186 442.0
884.7041241308207 443.0
884.2958745237825 444.0
884.1243245628036 445.0
884.0522342864051 446.0
884.0219314745774 447.0
884.0091738726863 448.0
884.0037553887285 449.0
884.0013412215716 450.0
884.0000000224699 451.0
883.998658818661 452.0
883.996244637496 453.0
883.9908261300022 454.0
883.9780684924306 455.0
883.9477656228888 456.0
883.8756752384138 457.0
883.7041250463927 458.0
883.2958749078608 459.0
883.1243247237842 460.0
883.0522343538005 461.0
883.0219315027582 462.0
883.0091738844744 463.0
883.0037553937226 464.0
883.0013412238781 465.0
883.0000000240258 466.0
882.9986588208216 467.0
882.9962446421642 468.0
882.9908261412155 469.0
882.9780685196874 470.0
882.9477656888845 471.0
882.8756753973846 472.0
882.7041254277408 473.0
882.2958758199444 474.0
882.1243269008633 475.0
882.0522395436271 476.0
882.0219438647974 477.0
882.0092033172334 478.0
882.0038254529773 479.0
882.0015079663497 480.0
882.0003968515084 481.0
881.9996032002152 482.0
881.9984920776807 483.0
881.9961745768035 484.0
881.990796693873 485.0
881.9780561260561 486.0
881.9477604285495 487.0
881.8756730571861 488.0
881.7041241308211 489.0
881.2958745237833 490.0
881.1243245628057 491.0
881.0522342864105 492.0
881.0219314745922 493.0
881.0091738727268 494.0
881.0037553888359 495.0
881.001341221852 496.0
881.000000023189 497.0
880.9986588204775 498.0
880.9962446420235 499.0
880.9908261411583 500.0
880.9780685196646 501.0
880.9477656888754 502.0
880.8756753973809 503.0
880.7041254277392 504.0
880.2958758199437 505.0
880.1243269008629 506.0
880.0522395436271 507.0
880.0219438647974 508.0
880.0092033172334 509.0
880.0038254529773 510.0
880.0015079663497 511.0
880.0003968515084 512.0
879.9996032002152 513.0
879.9984920776807 514.0
879.9961745768035 515.0
879.990796693873 516.0
879.9780561260561 517.0
879.9477604285495 518.0
879.8756730571861 519.0
879.7041241308211 520.0
879.2958745237833 521.0
879.1243245628057 522.0
879.0522342864105 523.0
879.0219314745923 524.0
879.0091738727269 525.0
879.0037553888362 526.0
879.001341221853 527.0
879.0000000231921 528.0
878.9986588204866 529.0
878.9962446420496 530.0
878.9908261412305 531.0000000000006
878.9780685198597 532.0000000000018
878.9477656893936 533.0000000000056
878.8756753987323 534.0000000000167
878.7041254312065 535.0000000000482
878.2958758287101 536.0000000001357
878.1243269227425 537.0000000003737
878.0522395976352 538.0000000010073
878.0219439968919 539.0000000026621
878.0092036379147 540.0000000069107
878.0038262269418 541.0000000176507
878.0015098260319 542.0000000444367
878.0004013054245 543.0000001104798
877.9996138427937 544.0000002717825
877.9985174683213 545.000000662781
877.9962350911117 546.000001605065
877.9909408275468 547.0000038661505
877.9783992938148 548.0000092752364
877.9485772963837 549.0000221883195
877.8776172728399 550.0000529743664
877.7087512361458 551.0001263109326
877.3068863784547 552.0003009251009
877.1505308185103 553.0007165719483
877.1146000916406 554.0017058330416
877.1703495753482 555.0040601739755
877.3623787917023 556.0096631077988
877.8443110287616 557.0229969964697
878.2016919779494 558.0547289332676
878.720426296535 559.1302444138244
879.0155013440046 560.3099557338427
879.3229770799463 561.7376318320306
879.8888340402582 563.7554134518809
880.3657577713946 567.1775257500266
880.3352872692785 569.1416584355653
879.7730461738767 571.2191175494827
879.0292416755842 572.6718703058596
878.3088302595482 573.8621188668553
877.8354828846846 574.9420620714761
877.2305217419475 575.9756545020151
876.8099779995842 576.9897701427316
876.2374167323283 577.9957015592688
875.8547889781657 578.9981939437151
875.3559925679377 579.9992412623164
875.141990390962 580.9996814245003
875.0415807084985 581.9998666084807
874.9744357651341 582.9999450036731
874.8868395866223 583.999979363388
874.7087152020961 584.9999972094016
874.2975630683104 586.0000128514619
874.1244614353992 587.000038836721
874.050928946989 588.0000959880622
874.0181395550721 589.0002300614825
873.9998616818689 590.0005483481391
873.9814729584949 591.001305502707
873.9482623316527 592.0031072611857
873.8736612238877 593.0073950233041
873.697988675645 594.0175989667235
873.280706582555 595.0418821857974
873.087989217274 596.0996711670637
872.9656626526033 597.2371969824742
872.8158656235099 598.5644801547311
872.5187605168785 600.3433470859665
871.8366632803109 603.1968911910488
871.0238961769863 604.607947640296
869.4302455909334 605.7053615041427
868.1807911277873 606.5670638144884
867.07596929267 607.0824163915682
866.0319226884737 607.6637012983174
865.0134140938732 607.9759464866302
864.0056366838048 608.268948153559
863.0023685687395 608.7771076932916
862.0009952838236 609.1069528070802
861.0004182187096 609.5223596593651
860.0001757314258 609.5556538051048
859.000073836962 609.2334706302416
858.000031021154 609.0980636577635
857.0000130308304 609.041107364351
856.0000054723175 609.0170367610433
855.0000022971574 609.0065954024676
854.0000009636982 609.0014302318527
853.0000004039279 608.9974091374903
852.0000001690942 608.9913152653382
851.0000000706693 608.9782735373725
850.0000000294708 608.9478505899981
849.0000000122565 608.8757080831153
848.0000000050801 608.7041320272103
847.0000000020971 608.2958615904972
846.0000000008615 608.1242804322993
845.0000000003521 608.0521236298378
844.0000000001429 608.0216657401795
843.0000000000575 608.0085404469813
842.000000000023 608.002247509245
841.0000000000091 607.9977525706818
840.0000000000035 607.9914596766748
839.0000000000013 607.9783345119182
838.0000000000005 607.9478769485173
837.0 607.8757209429415
836.0 607.7041416995766
835.0 607.2958758321147
834.0 607.124310652423
833.0 607.0521940184942
832.0 607.021832620225
831.0 607.0089373317967
830.0 607.0031919124668
829.0 607.000000016069
828.0 606.9968081163353
827.0 606.9910626877762
826.0 606.978167386372
825.0 606.9478059743839
824.0 606.8756893291339
823.0 606.7041241430362
822.0 606.2958582753603
821.0 606.1242790376778
820.0 606.0521230418353
819.0 606.0216654891418
818.0 606.0085403321764
817.0 606.0022474384479
816.0 605.9977524863992
815.0 605.9914595100328
814.0 605.9783341273577
813.0 605.9478760350913
812.0 605.8757187653034
811.0 605.704136509518
810.0 605.2958634699797
809.0 605.1242812196244
808.0 605.0521239592231
807.0 605.0216658777458
806.0 605.0085405043086
805.0 605.0022475330641
804.0 604.9977525805292
803.0 604.991459680685
802.0 604.9783345134231
801.0 604.9478769487578
800.0 604.8757209420719
799.0 604.7041416967653
798.0 604.2958758248157
797.0 604.1243106342188
796.0 604.0521939737589
795.0 604.0218325113003
794.0 604.0089370683904
793.0 604.0031912787623
792.0 603.9999984972349
791.0 603.9968044856904
790.0 603.9910540244567
789.0 603.9781467378358
788.0 603.9477567940248
787.0 603.8755722393905
786.0 603.7038454347282
785.0 603.2951949428144
784.0 603.1227003775896
783.0 603.0483660944992
782.0 603.012724674321
781.0 602.9872629874537
780.0 602.9516116899808
779.0 602.877249748263
778.0 602.7046876117251
777.0 602.2958755721612
776.0 602.1237639971257
775.0 602.0506636242236
774.0 602.0180941517302
773.0 601.9999999979273
772.0 601.9819058364353
771.0 601.9493363356264
770.0 601.8762358935357
769.0 601.7041241562085
768.0 601.2953117342622
767.0 601.1227486910636
766.0 601.0483845931791
765.0 601.0127281635056
764.0 600.9872542595494
763.0 600.951583759407
762.0 600.8771802641734
761.0 600.7045209786971
760.0 600.2954784753373
759.0 600.1228187517945
758.0 600.0484140293242
757.0 600.012740529888
756.0 599.9872594538965
755.0 599.9515859406505
754.0 599.8771811797857
753.0 599.7045213628821
752.0 599.2954786365962
751.0 599.1228188199036
750.0 599.0484140593065
749.0 599.012740546163
748.0 598.9872594699394
747.0 598.9515859699106
746.0 598.8771812466091
745.0 598.7045215221933
744.0 598.2954790180834
743.0 598.1228197320438
742.0 598.0484162364085
741.0 598.0127457359988
740.0 597.9872718319823
739.0 597.9516154026712
738.0 597.8772513058644
737.0 597.7046882646652
736.0 597.2958758455661
735.0 597.1237641114376
734.0 597.0506636719249
733.0 597.0180941715867
732.0 597.0000000061676
731.0 596.9819058398425
730.0 596.9493363370291
729.0 596.8762358941103
728.0 596.7041241564426
727.0 596.295311734357
726.0 596.1227486911017
725.0 596.0483845931949
724.0 596.0127281635134
723.0 595.987254259557
722.0 595.9515837594226
721.0 595.877180264214
720.0 595.7045209788045
719.0 595.2954784756175
718.0 595.1228187525135
717.0 595.0484140311406
716.0 595.0127405344156
715.0 594.9872594650528
714.0 594.9515859678845
713.0 594.8771812457724
712.0 594.7045215218494
711.0 594.2954790179427
710.0 594.1228197319866
709.0 594.0484162363854
708.0 594.0127457359896
707.0 593.9872718319787
706.0 593.9516154026696
705.0 593.8772513058638
704.0 593.7046882646648
703.0 593.295875845566
702.0 593.1237641114375
701.0 593.0506636719249
700.0 593.0180941715867
699.0 593.0000000061676
698.0 592.9819058398425
697.0 592.9493363370291
696.0 592.8762358941103
695.0 592.7041241564426
694.0 592.2953117343569
693.0 592.1227486911016
692.0 592.0483845931943
691.0 592.0127281635116
690.0 591.9872542595516
689.0 591.9515837594078
688.0 591.8771802641736
687.0 591.7045209786971
686.0 591.2954784753373
685.0 591.1228187517945
684.0 591.0484140293242
683.0 591.012740529888
682.0 590.9872594538965
681.0 590.9515859406505
680.0 590.8771811797857
679.0 590.7045213628821
678.0 590.2954786365962
677.0 590.1228188199036
676.0 590.0484140593065
675.0 590.012740546163
674.0 589.9872594699394
673.0 589.9515859699106
672.0 589.8771812466091
671.0 589.7045215221933
670.0 589.2954790180834
669.0 589.1228197320438
668.0 589.0484162364085
667.0 589.0127457359988
666.0 588.9872718319823
665.0 588.9516154026712
664.0 588.8772513058644
663.0 588.7046882646652
662.0 588.2958758455661
661.0 588.1237641114376
660.0 588.0506636719249
659.0 588.0180941715867
658.0 588.0000000061676
657.0 587.9819058398425
656.0 587.9493363370291
655.0 587.8762358941103
654.0 587.7041241564426
653.0 587.295311734357
652.0 587.1227486911017
651.0 587.0483845931949
650.0 587.0127281635134
649.0 586.987254259557
648.0 586.9515837594226
647.0 586.877180264214
646.0 586.7045209788045
645.0 586.2954784756175
644.0 586.1228187525135
643.0 586.0484140311406
642.0 586.0127405344156
641.0 585.9872594650528
640.0 585.9515859678845
639.0 585.8771812457724
638.0 585.7045215218494
637.0 585.2954790179427
636.0 585.1228197319866
635.0 585.0484162363854
634.0 585.0127457359896
633.0 584.9872718319787
632.0 584.9516154026696
631.0 584.8772513058638
630.0 584.7046882646648
629.0 584.295875845566
628.0 584.1237641114376
627.0 584.0506636719252
626.0 584.0180941715872
625.0 584.0000000061696
624.0 583.9819058398479
623.0 583.949336337044
622.0 583.8762358941508
621.0 583.7041241565499
620.0 583.2953117346373
619.0 583.1227486918209
618.0 583.0483845950114
617.0 583.0127281680409
616.0 582.9872542707132
615.0 582.9515837866566
614.0 582.8771803302005
613.0 582.7045211377715
612.0 582.2954788569641
611.0 582.1228196645966
610.0 582.0484162082195
609.0 582.012745724242
608.0 581.987271827092
607.0 581.9516154006435
606.0 581.8772513050271
605.0 581.704688264321
604.0 581.2958758454254
603.0 581.1237641113804
602.0 581.0506636719022
601.0 581.0180941715781
600.0 581.0000000061659
599.0 580.9819058398466
598.0 580.9493363370434
597.0 580.8762358941505
596.0 580.7041241565499
595.0 580.2953117346373
594.0 580.1227486918209
593.0 580.0483845950114
592.0 580.0127281680409
591.0 579.9872542707132
590.0 579.9515837866566
589.0 579.8771803302005
588.0 579.7045211377715
587.0 579.2954788569641
586.0 579.1228196645966
585.0 579.0484162082195
584.0 579.012745724242
583.0 578.987271827092
582.0 578.9516154006435
581.0 578.8772513050271
580.0 578.7046882643209
579.0 578.2958758454254
578.0 578.1237641113803
577.0 578.0506636719019
576.0 578.0180941715773
575.0 578.000000006164
574.0 577.9819058398411
573.0 577.9493363370286
572.0 577.8762358941102
571.0 577.7041241564425
570.0 577.2953117343568
569.0 577.1227486911016
568.0 577.0483845931943
567.0 577.0127281635116
566.0 576.9872542595516
565.0 576.9515837594078
564.0 576.8771802641736
563.0 576.7045209786971
562.0 576.2954784753373
561.0 576.1228187517945
560.0 576.0484140293242
559.0 576.012740529888
558.0 575.9872594538965
557.0 575.9515859406505
556.0 575.8771811797857
555.0 575.7045213628821
554.0 575.2954786365962
553.0 575.1228188199036
552.0 575.0484140593065
551.0 575.012740546163
550.0 574.9872594699394
549.0 574.9515859699106
548.0 574.8771812466091
547.0 574.7045215221933
546.0 574.2954790180834
545.0 574.1228197320438
544.0 574.0484162364085
543.0 574.0127457359988
542.0 573.9872718319823
541.0 573.9516154026712
540.0 573.8772513058644
539.0 573.7046882646652
538.0 573.2958758455661
537.0 573.1237641114376
536.0 573.0506636719249
535.0 573.0180941715867
534.0 573.0000000061676
533.0 572.9819058398425
532.0 572.9493363370291
531.0 572.8762358941103
530.0 572.7041241564426
529.0 572.2953117343569
528.0 572.1227486911016
527.0 572.0483845931943
526.0 572.0127281635116
525.0 571.9872542595516
524.0 571.9515837594078
523.0 571.8771802641736
522.0 571.7045209786971
521.0 571.2954784753372
520.0 571.1228187517943
519.0 571.0484140293233
518.0 571.0127405298861
517.0 570.987259453891
516.0 570.9515859406357
515.0 570.8771811797453
514.0 570.7045213627748
513.0 570.2954786363159
512.0 570.1228188191843
511.0 570.0484140574895
510.0 570.0127405416338
509.0 569.9872594587779
508.0 569.9515859426617
507.0 569.877181180582
506.0 569.7045213631187
505.0 569.2954786364564
504.0 569.1228188192415
503.0 569.0484140575126
502.0 569.012740541643
501.0 568.9872594587815
500.0 568.9515859426632
499.0 568.8771811805826
498.0 568.7045213631189
497.0 568.2954786364566
496.0 568.1228188192416
495.0 568.0484140575127
494.0 568.012740541643
493.0 567.9872594587815
492.0 567.9515859426632
491.0 567.8771811805826
490.0 567.7045213631189
489.0 567.2954786364567
488.0 567.1228188192417
487.0 567.0484140575132
486.0 567.0127405416449
485.0 566.9872594587869
484.0 566.951585942678
483.0 566.8771811806229
482.0 566.7045213632263
481.0 566.2954786367369
480.0 566.1228188199609
479.0 566.0484140593297
478.0 566.0127405461723
477.0 565.9872594699432
476.0 565.951585969912
475.0 565.8771812466097
474.0 565.7045215221933
473.0 565.2954790180834
472.0 565.1228197320438
471.0 565.0484162364085
470.0 565.0127457359988
469.0 564.9872718319823
468.0 564.9516154026712
467.0 564.8772513058644
466.0 564.7046882646649
465.0 564.2958758455654
464.0 564.1237641114355
463.0 564.0506636719191
462.0 564.0180941715699
461.0 564.0000000061219
460.0 563.9819058397203
458.9999999999999 563.9493363367085
457.99999999999943 563.8762358932839
456.9999999999982 563.7041241543457
455.99999999999443 563.29531172911
454.9999999999836 563.1227486781274
453.99999999995276 563.048384561429
452.99999999986716 563.0127280863582
451.99999999963455 562.9872540733234
450.99999999901587 562.9515833120055
449.99999999740135 562.8771791929529
448.99999999326 562.7045184198595
447.9999999828002 562.2954723724486
446.99999995673335 562.1228042103842
445.99999989250665 562.0483794014301
444.9999997357314 562.0126580963872
443.99999935588914 561.9870632506835
442.9999984408392 561.9511189897521
441.99999624574036 561.8760699103605
440.9999909956216 561.7018767588758
439.999978463885 561.2891850290687
438.999948589921 561.1078413577573
437.99987743043374 561.012770834864
436.999708006092 560.9279170759353
435.9993047212839 560.7853971150198
434.9983448929496 560.4711950319631
433.9960606112702 560.5339492156036
432.9906244199186 560.2238630730785
431.9776873587305 560.0928677524545
430.9468998013264 560.0361670568077
429.87363175628616 560.0084004813774
428.69926887185574 559.9873548041949
427.28432094785353 559.9561935035888
425.2968297651754 559.8899875374798
421.94680249819754 559.7357721085821
420.15421744211244 560.1701748279393
418.4850066390953 561.5407178074004
417.2038015057039 562.543835354354
416.0856379640635 563.1820214235961
415.03598518152387 563.9658247868989
414.01512090955885 564.7222880552029
413.00635369169186 565.2565817707796
412.0026697054299 565.9961408430194
411.00112171064467 566.7326124766574
410.0004712624034 567.2551739353227
409.00019795823323 567.9818743515622
408.00008311769136 568.6940740315991
407.00003483816937 569.1615326987858
406.00001447193273 569.7582172706253
405.0000057063656 570.1614753910968
404.00000151189414 570.6939135443234
402.9999985161364 570.9814822407661
401.9999943037774 571.2542364251899
400.99998548226756 571.73037943304
399.99996496616467 571.990825660479
398.99991630793807 572.2439320840738
397.99980054027014 572.6921838455829
396.99952500405084 572.8941823691457
395.99886922464736 573.0115265038888
394.997308537342 573.1380916052467
393.9935943617599 573.37512981935
392.98475534390025 573.1122717975485
391.9637202781884 572.9392312126387
390.9136611459663 572.7175756901831
389.7945307002764 572.2699809008046
388.5110246644127 572.0383710883925
386.8363383034516 571.8374584579656
384.230722627061 571.5065129344924
382.6096851873693 571.5807781003942
380.67639611182955 572.1196660619299
379.2842241987367 572.7542871373322
378.11943195261506 573.1923381166039
377.05018558790704 573.7842597000237
376.02108800341324 574.2035890653491
375.00886110612066 574.7857896167623
374.003723342408 575.1966217141686
373.00156446061465 575.7647509659369
372.0006573143148 576.1446807190894
371.00027614853 576.6403547390444
370.00011599777565 576.8483122227348
369.0000487145339 576.9349191556937
368.00002045121295 576.9694610988906
367.000008581475 576.9795716349385
366.00000359828067 576.9733392308253
365.00000150730074 576.9457780075933
364.000000630564 576.874839033016
363.00000026333294 576.7037711717833
362.00000010972883 576.2957201737445
361.00000004559746 576.12424527119
360.0000000188845 576.0521665632955
359.00000000779005 576.0218210954248
358.0000000031986 576.0089324966823
357.0000000013063 576.0031898854896
356.0000000005303 575.9999991672057
355.00000000021384 575.99680776134
354.0000000000856 575.9910625395845
353.00000000003405 575.978167324651
352.0000000000134 575.9478059487501
351.00000000000523 575.8756893185242
350.00000000000205 575.7041241386626
349.0000000000008 575.2958582735657
348.0000000000003 575.1242790369456
347.0 575.0521230415384
346.0 575.021665489022
345.0 575.0085403321286
344.0 575.0022474384289
343.0 574.9977524863912
342.0 574.991459510028
341.0 574.9783341273511
340.0 574.9478760350762
339.0 574.875718765263
338.0 574.7041365094107
337.0 574.2958634696996
336.0 574.1242812189056
335.0 574.052123957407
334.0 574.0216658732193
333.0 574.0085404931551
332.0 574.002247505838
331.0 573.9977525145651
330.0 573.9914595217803
329.0 573.9783341322443
328.0 573.9478760371176
327.0 573.8757187661403
326.0 573.704136509862
325.0 573.2958634701205
324.0 573.1242812196817
323.0 573.0521239592466
322.0 573.021665877756
321.0 573.0085405043151
320.0 573.0022475330735
319.0 572.9977525805525
318.0 572.9914596807477
317.0 572.978334513591
316.0 572.9478769492006
315.0 572.8757209432191
314.0 572.7041416996888
313.0 572.2958758321597
312.0 572.1243106524407
311.0 572.0521940185013
310.0 572.0218326202278
309.0 572.0089373317978
308.0 572.0031919124673
307.0 572.0000000160692
306.0 571.9968081163354
305.0 571.9910626877762
304.0 571.978167386372
303.0 571.9478059743839
302.0 571.8756893291339
301.0 571.7041241430362
300.0 571.2958582753603
299.0 571.1242790376778
298.0 571.0521230418353
297.0 571.0216654891418
296.0 571.0085403321764
295.0 571.0022474384479
294.0 570.9977524863987
293.0 570.9914595100308
292.0 570.9783341273522
291.0 570.9478760350764
290.0 570.8757187652631
289.0 570.7041365094107
288.0 570.2958634696996
287.0 570.1242812189056
286.0 570.0521239574067
285.0 570.0216658732184
284.0 570.0085404931522
283.0 570.0022475058299
282.0 569.9977525145425
281.0 569.9914595217178
280.0 569.9783341320764
279.0 569.9478760366746
278.0 569.8757187649932
277.0 569.7041365069388
276.0 569.2958634627771
275.0 569.1242812014618
274.0 569.0521239145097
273.0 569.0216657688434
272.0 569.0085402409479
271.0 569.002246899476
270.0 568.9977510619988
269.0 568.9914560508221
268.0 568.9783258520888
267.0 568.9478563051946
266.0 568.8756717740243
265.0 568.7040246372014
264.0 568.295597189899
263.0 568.1236474790247
262.0 568.0506157401874
261.0 568.0180765860816
260.0 567.9999986968726
259.0 567.9819197646367
258.0 567.9493766471496
257.0 567.8763348538994
256.0 567.7043609531652
255.0 567.2958758260099
254.0 567.1240913706642
253.0 567.0515800210469
252.0 567.0203326943449
251.0 567.0053515256174
250.0 566.994651576845
249.0 566.9796728873271
248.0 566.94843250546
247.0 566.8759381272026
246.0 566.7041942520984
245.0 566.2958057819499
244.0 566.1240619414426
243.0 566.0515676575205
242.0 566.0203275011459
241.0 566.0053493447667
240.0 565.9946506611909
239.0 565.9796725026106
238.0 565.9484323426973
237.0 565.8759380552981
236.0 565.7041942127813
235.0 565.2958057429705
234.0 565.1240618705701
233.0 565.0515674965277
232.0 565.0203271189628
231.0 565.0053484323398
230.0 564.9946484839713
229.0 564.9796673127269
228.0 564.948419980635
227.0 564.8759086225298
226.0 564.704124153523
225.0 564.2956390004973
224.0 564.1236650430867
223.0 564.0506231171336
222.0 564.0180796834461
221.0 563.999999996752
219.99999999999986 563.981920309786
218.99999999999932 563.9493768755556
217.9999999999979 563.87633494947
216.99999999999363 563.7043609930836
215.9999999999811 563.2958758426438
214.9999999999452 563.1240913775698
213.99999999984485 563.0515800238874
212.99999999957038 563.0203326954631
211.99999999883556 563.0053515259326
210.999999996906 562.9946515765946
209.99999999192855 562.9796728862439
208.99999997929214 562.9484325025206
207.99999994765784 562.8759381197334
206.99999986940895 562.7041942334988
205.99999967778334 562.2958057361777
204.99999921228326 562.1240618298017
203.9999980885894 562.0515673871237
202.99999538886252 562.0203268497634
201.9999889247453 562.0053477818919
200.99997348372546 561.9946469221635
199.99993665645997 561.979663575148
198.99984890768445 561.9484110551917
197.99963994837773 561.875887337764
196.99914250784468 561.704073439543
195.99795852401797 561.2955182316309
194.99514070423675 561.1233775368115
193.98843470427175 561.0499387888469
192.97247566703743 561.0164509811977
191.93449634947132 560.9961238638041
190.844113336393 560.9726957448261
189.62902031020826 560.9274241381847
188.11714299112754 560.8240917745383
185.89897970051234 560.5800327843828
182 560
