32 1040
34 1036
35 1036
36 1035
37 1035
38 1035
39 1034
40 1034
41 1034
42 1034
43 1033
44 1033
45 1033
46 1032
47 1032
48 1032
49 1031
50 1031
51 1031
52 1031
53 1030
54 1030
55 1030
56 1029
57 1029
58 1029
59 1028
60 1028
61 1028
62 1028
63 1027
64 1027
65 1027
66 1026
67 1026
68 1026
69 1025
70 1025
71 1025
72 1025
73 1024
74 1024
75 1024
76 1023
77 1023
78 1023
79 1022
80 1022
81 1022
82 1022
83 1021
84 1021
85 1021
86 1020
87 1020
88 1020
89 1019
90 1019
91 1019
92 1019
93 1018
94 1018
95 1018
96 1017
97 1017
98 1017
99 1016
100 1016
101 1016
102 1016
103 1015
104 1015
105 1015
106 1014
107 1014
108 1014
109 1014
110 1013
111 1013
112 1013
113 1012
114 1012
115 1012
116 1011
117 1011
118 1011
119 1011
120 1010
121 1010
122 1010
123 1009
124 1009
125 1009
126 1008
127 1008
128 1008
129 1008
130 1008
131 1008
132 1008
133 1008
134 1008
135 1008
136 1008
137 1008
138 1008
139 1008
140 1008
141 1009
142 1009
143 1009
144 1009
145 1009
146 1009
147 1009
148 1009
149 1009
150 1009
151 1010
152 1010
153 1010
154 1010
155 1010
156 1010
157 1010
158 1010
159 1010
160 1011
161 1011
162 1011
163 1011
164 1011
165 1011
166 1011
167 1011
168 1011
169 1012
170 1012
171 1012
172 1012
173 1012
174 1012
175 1012
176 1012
177 1012
178 1013
179 1013
180 1013
181 1013
182 1013
183 1013
184 1013
185 1013
186 1013
187 1014
188 1014
189 1014
190 1014
191 1014
192 1014
193 1014
194 1014
195 1014
196 1015
197 1015
198 1015
199 1015
200 1015
201 1015
202 1015
203 1015
204 1015
205 1016
206 1016
207 1016
208 1016
209 1016
210 1016
211 1016
212 1016
213 1016
214 1017
215 1017
216 1017
217 1017
218 1017
219 1017
220 1017
221 1017
222 1017
223 1017
224 1018
225 1018
226 1018
227 1018
228 1018
229 1018
230 1018
231 1018
232 1018
233 1019
234 1019
235 1019
236 1019
237 1019
238 1019
239 1019
240 1019
241 1019
242 1020
243 1020
244 1020
245 1020
246 1020
247 1020
248 1020
249 1020
250 1020
251 1021
252 1021
253 1021
254 1021
255 1021
256 1021
257 1021
258 1021
259 1021
260 1022
261 1022
262 1022
263 1022
264 1022
265 1022
266 1022
267 1022
268 1022
269 1023
270 1023
271 1023
272 1023
273 1023
274 1023
275 1023
276 1023
277 1023
278 1024
279 1024
280 1024
281 1024
282 1024
283 1024
284 1024
285 1024
286 1024
287 1025
288 1025
289 1025
290 1025
291 1025
292 1025
293 1025
294 1025
295 1025
296 1025
297 1026
298 1026
299 1026
300 1026
301 1026
302 1026
303 1026
304 1026
305 1026
306 1027
307 1027
308 1027
309 1027
310 1027
311 1027
312 1027
313 1027
314 1027
315 1028
316 1028
317 1028
318 1028
319 1028
320 1028
321 1028
322 1028
323 1028
324 1029
325 1029
326 1029
327 1029
328 1029
329 1029
330 1029
331 1029
332 1029
333 1030
334 1030
335 1030
336 1030
337 1030
338 1030
339 1030
340 1030
341 1030
342 1031
343 1031
344 1031
345 1031
346 1031
347 1031
348 1031
349 1031
350 1031
351 1032
352 1032
353 1032
354 1032
355 1032
356 1032
357 1032
358 1032
359 1032
360 1033
361 1033
362 1033
363 1033
364 1033
365 1033
366 1034
367 1034
368 1034
369 1035
370 1036
371 1036
372 1037
373 1037
374 1038
375 1039
376 1039
377 1040
378 1041
379 1041
380 1042
381 1043
382 1043
383 1044
384 1045
385 1045
386 1046
387 1047
388 1047
389 1048
390 1049
391 1049
392 1050
393 1051
394 1051
395 1052
396 1053
397 1053
398 1054
399 1054
400 1055
401 1056
402 1056
403 1057
404 1058
405 1058
406 1059
407 1060
408 1060
409 1061
410 1062
411 1062
412 1063
413 1064
414 1064
415 1065
416 1066
417 1066
418 1067
419 1068
420 1068
421 1069
422 1070
423 1070
424 1071
425 1072
426 1072
427 1073
428 1073
429 1074
430 1075
431 1075
432 1076
433 1077
434 1077
435 1078
436 1079
437 1080
438 1081
439 1082
440 1083
440 1084
440 1085
441 1086
441 1087
441 1088
441 1089
440 1090
440 1091
440 1092
440 1093
440 1094
440 1095
440 1096
440 1097
440 1098
440 1099
440 1100
440 1101
440 1102
440 1103
440 1104
439 1105
439 1106
439 1107
439 1108
439 1109
439 1110
439 1111
439 1112
439 1113
439 1114
439 1115
439 1116
439 1117
439 1118
439 1119
438 1120
438 1121
438 1122
438 1123
438 1124
438 1125
438 1126
438 1127
438 1128
438 1129
438 1130
438 1131
438 1132
438 1133
438 1134
437 1135
437 1136
437 1137
437 1138
437 1139
437 1140
437 1141
437 1142
437 1143
437 1144
