881 491
880.9999005034903 493.1595918508996
880.9997213937603 494.6468571265381
880.9993193715552 495.8516080079055
880.9983728112404 496.93764517315265
880.996124460877 497.9737983405675
880.9907756409231 498.9889900420131
880.9780473004271 499.9953736460625
880.9477567756123 500.9980560499298
880.875671657737 501.99918319429503
880.7041238646308 502.99965681329775
880.2958751733286 503.99985581993224
880.1243266401432 504.99993943522145
880.0522394444727 505.9999745644451
880.0219438315721 506.9999893212601
880.0092033086091 507.9999955188474
880.0038254508637 508.99999812084974
880.0015079629585 509.9999992127349
880.0003968439568 510.99999967059836
879.9996031882133 511.9999998624045
879.9984920624324 512.999999942647
879.9961745603493 513.9999999761574
879.9907966785763 514.9999999901203
879.9780561141448 515.9999999959218
879.9477604217191 516.9999999983241
879.8756730563049 517.9999999993148
879.7041241357801 518.9999999997216
879.2958745335171 519.9999999998876
879.1243245754757 520.9999999999549
879.0522342997201 521.999999999982
879.0219314861752 522.999999999993
879.0091738805438 523.9999999999973
879.0037553915143 524.9999999999993
879.0013412189144 525.9999999999999
879.0000000151346 527.0
878.998658808702 528.0
878.9962446285878 529.0
878.990826128442 530.0
878.9780685099614 531.0
878.947765684002 532.0000000000005
879.0447554411128 532.0143976769801
879.0820909490453 533.0741803253733
878.4649548712937 534.0143975048665
878.1243269161638 536.0000000000367
878.0522395600404 537.0000000001011
878.0219438799322 538.0000000002731
878.0092033289299 539.0000000007237
878.0061429455749 539.0000026872581
878.0026190861846 540.000000622119
878.0011905003034 541.0000003271284
878.0007143108735 542.0000006476724
878.0008095506304 543.0000027602778
878.0015523448391 544.0000146433295
878.0035361583283 545.000081593604
878.0083377672092 546.000459659108
878.0196607217313 547.0025907081235
878.0447502168911 548.014403101673
877.7041276038474 550.0000147373423
877.464943913933 550.0144295863339
877.1962126853423 551.0026696623739
877.0824971514855 552.0006561564331
877.0346374270376 553.0005544073537
877.0144835429537 554.0011436086818
877.005923786966 555.0026927651919
877.0021175669553 556.0064060304717
877.0000558345424 557.015250989306
876.9982832001951 558.036319390982
876.9963684814493 559.0865419644525
876.9971831920147 560.2063470945758
877.0166037099021 561.4918889836482
877.1047720625074 563.1704396035323
877.5259270438131 566.7692773247423
877.451591485859 568.3903147336076
877.3130012492235 569.3963656448632
876.5951075910588 570.7400099474725
876.1150823613513 572.8805679251843
876.1480646695276 572.9704543255551
876.1211033517811 574.0570638048201
875.4834674984136 575.0066527552143
875.2045343383802 575.9991439171034
875.0190461107534 578.9978654416683
875.0003936224749 579.9991695915028
874.9820830821665 580.9995563514491
874.9494521246069 581.9993516437395
874.8765306439172 582.9972903953922
875.0458728499556 582.0144560524953
875.0825359324614 583.074281091673
874.2957139732815 584.999996605182
874.1236962575833 585.9999989956951
874.0506355463929 587.0000005872862
874.0180832640768 588.0000026618861
873.9999975760161 589.0000068893482
873.9819099199931 590.0000166638378
873.9493501552812 591.0000398191376
873.876270448792 592.000094894875
873.7042070074407 593.0002259664516
873.2955090429879 594.0005379025346
873.1232181416445 595.0012802562437
873.0495015344646 596.0030469033959
873.0153858849637 597.0072511391056
872.9935786239062 598.0172563109112
872.9666338986182 599.0410664958234
872.912995895575 600.0977297636024
872.789754193532 601.2325766370982
872.4983154289905 602.5534845175648
871.8055286059068 604.3171796142742
870.9571642973103 607.1346179208182
870.0745311004018 608.4597500177474
868.4515225098011 609.3526815424871
867.1897317082933 609.7277577017719
866.0797261084265 609.8850394364304
865.0335012788328 609.9503521707611
864.0140773966846 609.9759461467876
863.00591538832 609.9822966117162
862.0024856703869 609.9744840094338
861.0010444841042 609.9462583299224
860.0004388896903 609.8750390965687
859.0001844161548 609.7038509814498
858.0000774860337 609.295743540894
857.0000325546923 609.1242308597242
856.0000136755712 609.0521028194574
855.0000057435833 609.0216570048277
854.0000024114247 609.0085367735878
853.0000010119181 609.0022459450998
852.0000004243275 608.9977518582235
851.0000001777528 608.9914592444563
850.0000000743596 608.9783340145514
849.0000000310511 608.9478759877524
848.0000000129365 608.8757187470437
847.0000000053742 608.7041365047878
846.0000000022249 608.2958634715582
845.0000000009172 608.1242812235828
844.0000000003763 608.0521239630723
843.0000000001536 608.0216658798988
842.0000000000623 608.0085405040128
841.0000000000251 608.0022475304102
840.0000000000101 607.9977525763629
839.0000000000041 607.991459676375
838.0000000000016 607.9783345105299
837.0000000000006 607.9478769487018
836.0 607.8757209459538
835.0 607.7041417055538
834.0 607.2958758402732
833.0 607.124310661328
832.0 607.0521940264267
831.0 607.0218326255934
830.0 607.0089373335121
829.0 607.0031919101981
828.0 607.0000000103198
827.0 606.9968081083275
826.0 606.9910626791628
825.0 606.9781673788518
824.0 606.9478059693085
823.0 606.8756893272025
822.0 606.7041241441527
821.0 606.2958582786899
820.0 606.1242790418848
819.0 606.052123045442
818.0 606.0216654909166
817.0 606.0085403314516
816.0 606.0022474352833
815.0 605.9977524815519
814.0 605.9914595047428
813.0 605.9783341230057
812.0 605.9478760328217
811.0 605.8757187657123
810.0 605.7041365124911
809.0 605.2958634747226
808.0 605.124281224876
807.0 605.0521239635976
806.0 605.0216658801099
805.0 605.0085405040948
804.0 605.0022475304349
803.0 604.9977525763508
802.0 604.9914596763115
801.0 604.9783345103498
800.0 604.9478769482296
799.0 604.8757209447454
798.0 604.7041417025094
797.0 604.2958758327003
796.0 604.1243106426897
795.0 604.0521939809569
794.0 604.0218325154462
793.0 604.0089370681438
792.0 604.003191273475
791.0 603.9999984870451
790.0 603.9968044714492
789.0 603.9910540075144
788.0 603.9781467197571
787.0 603.9477567763035
786.0 603.8755722232355
785.0 603.703845420956
784.0 603.2951949318506
783.0 603.1227003695419
782.0 603.0483660892559
781.0 603.0127246716264
780.0 602.9872629869435
779.0 602.9516116911831
778.0 602.8772497505939
777.0 602.7046876145148
776.0 602.2958755747225
775.0 602.1237639988575
774.0 602.0506636247169
773.0 602.0180941508362
772.0 601.9999999957599
771.0 601.9819058333078
770.0 601.9493363319449
769.0 601.8762358896911
768.0 601.7041241525017
767.0 601.2953117308803
766.0 601.122748688101
765.0 601.0483845906771
764.0 601.0127281614836
763.0 600.9872542580127
762.0 600.9515837583349
761.0 600.8771802635022
760.0 600.7045209783198
759.0 600.295478475126
758.0 600.1228187516374
757.0 600.0484140291596
756.0 600.0127405297152
755.0 599.9872594537574
754.0 599.9515859405917
753.0 599.877181179823
752.0 599.7045213629865
751.0 599.295478636709
750.0 599.1228188199731
749.0 599.0484140593232
748.0 599.0127405461758
747.0 598.9872594700443
746.0 598.9515859702177
745.0 598.8771812472127
744.0 598.7045215231574
743.0 598.2954790194525
742.0 598.1228197338642
741.0 598.0484162387397
740.0 598.0127457388977
739.0 597.9872718354546
738.0 597.9516154066122
737.0 597.8772513100179
736.0 597.7046882686302
735.0 597.2958758488629
734.0 597.1237641136164
733.0 597.0506636726825
732.0 597.0180941708445
731.0 597.0000000040855
730.0 596.9819058367616
729.0 596.9493363333725
728.0 596.8762358902787
727.0 596.7041241527422
726.0 596.2953117309783
725.0 596.1227486881409
724.0 596.0483845906938
723.0 596.0127281614921
722.0 595.9872542580213
721.0 595.9515837583523
720.0 595.8771802635464
719.0 595.7045209784354
718.0 595.2954784754229
717.0 595.1228187523895
716.0 595.0484140310392
715.0 595.0127405343585
714.0 594.9872594651172
713.0 594.9515859681691
712.0 594.8771812463635
711.0 594.7045215228068
710.0 594.2954790193083
709.0 594.1228197338052
708.0 594.0484162387157
707.0 594.0127457388878
706.0 593.9872718354507
705.0 593.9516154066107
704.0 593.8772513100173
703.0 593.7046882686299
702.0 593.2958758488627
701.0 593.1237641136163
700.0 593.0506636726825
699.0 593.0180941708445
698.0 593.0000000040855
697.0 592.9819058367616
696.0 592.9493363333725
695.0 592.8762358902787
694.0 592.7041241527422
693.0 592.2953117309783
692.0 592.1227486881406
691.0 592.0483845906931
690.0 592.01272816149
689.0 591.9872542580154
688.0 591.9515837583358
687.0 591.8771802635023
686.0 591.7045209783198
685.0 591.295478475126
684.0 591.1228187516374
683.0 591.0484140291596
682.0 591.0127405297152
681.0 590.9872594537574
680.0 590.9515859405917
679.0 590.877181179823
678.0 590.7045213629865
677.0 590.295478636709
676.0 590.1228188199731
675.0 590.0484140593232
674.0 590.0127405461758
673.0 589.9872594700443
672.0 589.9515859702177
671.0 589.8771812472127
670.0 589.7045215231574
669.0 589.2954790194525
668.0 589.1228197338642
667.0 589.0484162387397
666.0 589.0127457388977
665.0 588.9872718354546
664.0 588.9516154066122
663.0 588.8772513100179
662.0 588.7046882686302
661.0 588.2958758488629
660.0 588.1237641136164
659.0 588.0506636726825
658.0 588.0180941708445
657.0 588.0000000040855
656.0 587.9819058367616
655.0 587.9493363333725
654.0 587.8762358902787
653.0 587.7041241527422
652.0 587.2953117309783
651.0 587.1227486881409
650.0 587.0483845906938
649.0 587.0127281614921
648.0 586.9872542580213
647.0 586.9515837583523
646.0 586.8771802635464
645.0 586.7045209784354
644.0 586.2954784754229
643.0 586.1228187523895
642.0 586.0484140310392
641.0 586.0127405343585
640.0 585.9872594651172
639.0 585.9515859681691
638.0 585.8771812463635
637.0 585.7045215228068
636.0 585.2954790193083
635.0 585.1228197338052
634.0 585.0484162387157
633.0 585.0127457388878
632.0 584.9872718354507
631.0 584.9516154066107
630.0 584.8772513100173
629.0 584.7046882686299
628.0 584.2958758488627
627.0 584.1237641136164
626.0 584.0506636726828
625.0 584.0180941708454
624.0 584.0000000040876
623.0 583.9819058367675
622.0 583.949336333389
621.0 583.876235890323
620.0 583.7041241528577
619.0 583.2953117312752
618.0 583.122748688893
617.0 583.0483845925735
616.0 583.0127281661354
615.0 582.9872542693813
614.0 582.9515837859298
613.0 582.877180330087
612.0 582.7045211382555
611.0 582.2954788580223
610.0 582.1228196662217
609.0 582.048416210432
608.0 582.0127457270706
607.0 581.9872718305237
606.0 581.951615404562
605.0 581.8772513091684
604.0 581.7046882682795
603.0 581.2958758487187
602.0 581.1237641135574
601.0 581.0506636726589
600.0 581.0180941708358
599.0 581.0000000040837
598.0 580.9819058367661
597.0 580.9493363333884
596.0 580.8762358903226
595.0 580.7041241528576
594.0 580.2953117312752
593.0 580.122748688893
592.0 580.0483845925735
591.0 580.0127281661354
590.0 579.9872542693813
589.0 579.9515837859298
588.0 579.877180330087
587.0 579.7045211382555
586.0 579.2954788580223
585.0 579.1228196662217
584.0 579.048416210432
583.0 579.0127457270706
582.0 578.9872718305237
581.0 578.951615404562
580.0 578.8772513091684
579.0 578.7046882682795
578.0 578.2958758487187
577.0 578.1237641135574
576.0 578.0506636726585
575.0 578.018094170835
574.0 578.0000000040816
573.0 577.98190583676
572.0 577.949336333372
571.0 577.8762358902786
570.0 577.7041241527422
569.0 577.2953117309783
568.0 577.1227486881406
567.0 577.0483845906931
566.0 577.01272816149
565.0 576.9872542580154
564.0 576.9515837583358
563.0 576.8771802635023
562.0 576.7045209783198
561.0 576.295478475126
560.0 576.1228187516374
559.0 576.0484140291596
558.0 576.0127405297152
557.0 575.9872594537574
556.0 575.9515859405917
555.0 575.877181179823
554.0 575.7045213629865
553.0 575.295478636709
552.0 575.1228188199731
551.0 575.0484140593232
550.0 575.0127405461758
549.0 574.9872594700443
548.0 574.9515859702177
547.0 574.8771812472127
546.0 574.7045215231574
545.0 574.2954790194525
544.0 574.1228197338642
543.0 574.0484162387397
542.0 574.0127457388977
541.0 573.9872718354546
540.0 573.9516154066122
539.0 573.8772513100179
538.0 573.7046882686302
537.0 573.2958758488629
536.0 573.1237641136164
535.0 573.0506636726825
534.0 573.0180941708445
533.0 573.0000000040855
532.0 572.9819058367616
531.0 572.9493363333725
530.0 572.8762358902787
529.0 572.7041241527422
528.0 572.2953117309783
527.0 572.1227486881406
526.0 572.0483845906931
525.0 572.01272816149
524.0 571.9872542580154
523.0 571.9515837583358
522.0 571.8771802635023
521.0 571.7045209783198
520.0 571.2954784751258
519.0 571.1228187516372
518.0 571.0484140291587
517.0 571.012740529713
516.0 570.9872594537512
515.0 570.9515859405751
514.0 570.877181179779
513.0 570.7045213628711
512.0 570.2954786364121
511.0 570.1228188192206
510.0 570.0484140574428
509.0 570.0127405415305
508.0 569.9872594586781
507.0 569.9515859426238
506.0 569.877181180628
505.0 569.7045213632215
504.0 569.295478636556
503.0 569.1228188192794
502.0 569.0484140574667
501.0 569.01274054154
500.0 568.9872594586819
499.0 568.9515859426252
498.0 568.8771811806286
497.0 568.7045213632217
496.0 568.2954786365561
495.0 568.1228188192795
494.0 568.0484140574667
493.0 568.01274054154
492.0 567.9872594586819
491.0 567.9515859426252
490.0 567.8771811806286
489.0 567.7045213632218
488.0 567.2954786365561
487.0 567.1228188192797
486.0 567.0484140574674
485.0 567.0127405415423
484.0 566.987259458688
483.0 566.9515859426418
482.0 566.8771811806727
481.0 566.7045213633372
480.0 566.2954786368532
479.0 566.122818820032
478.0 566.0484140593471
477.0 566.0127405461855
476.0 565.987259470048
475.0 565.9515859702193
474.0 565.8771812472131
473.0 565.7045215231574
472.0 565.2954790194525
471.0 565.1228197338642
470.0 565.0484162387397
469.0 565.0127457388977
468.0 564.9872718354546
466.9999999999998 564.9516154066122
465.9999999999992 564.8772513100179
464.9999999999977 564.70468826863
463.9999999999933 564.2958758488622
462.99999999998073 564.1237641136148
461.9999999999457 564.0506636726783
460.9999999998504 564.0180941708336
459.9999999995963 564.0000000040576
458.99999999893134 563.9819058366928
457.9999999972212 563.9493363332061
456.99999999289 563.8762358898833
455.9999999820676 563.7041241518166
454.9999999553358 563.2953117288364
453.99999988993915 563.1227486832232
452.9999997311912 563.0483845794485
451.99999934816566 563.0127281357878
450.9999984282072 562.9872541991152
449.9999962258906 562.9515836227218
448.9999909656761 562.8771799494252
447.9999784205527 562.7045202464888
446.9999485298406 562.2954767603027
445.9998773507212 562.1228147145382
444.99970790505796 562.0484044901624
443.9993045992159 562.012717931065
442.998344752792 561.9872058194433
441.9960604589983 561.9514585008764
440.99062426442225 561.8768781588805
439.97768721110714 561.7038005585458
438.94689967361563 561.2937636544374
437.87363165983476 561.1187379496644
436.69926881562304 561.0387028941855
435.2843209370145 560.9896304418495
433.2968298003283 560.9322626124869
429.94680257534577 560.8207051090536
428.15421755340543 561.365711883401
426.48500677413966 563.0032883027028
425.2038016531447 563.843495448795
424.0856381131075 564.5584989889197
423.03598532314084 564.9203017136338
422.0151210372102 565.2183457716914
421.00635380157786 565.6910663896912
420.0026697963722 565.9166400524462
419.0011217838402 566.0755256888712
418.00047132143067 566.2948318126828
417.00019800998456 566.7500033309974
416.000083175614 567.0051774680779
415.0000349309527 567.2644935433835
414.0000146650209 567.7354044263494
413.0000061538416 567.9946388315764
412.00000258050716 568.2495842903945
411.00000108089336 568.7041971758892
410.00000045167747 568.9221678013037
409.0000001871112 569.0778726705204
408.0000000739656 569.295875681043
407.00000002057766 569.750579241932
405.99999998319794 570.005746201109
404.99999993066916 570.2655101239021
403.99999981913027 570.7376821456551
402.99999955646274 570.9999998804218
401.9999989280075 571.2623175126125
400.99999742412047 571.7344891448136
399.9999938316574 571.9942520799807
398.9999852626825 572.2494166637397
397.9999648435472 572.7041145606952
396.99991621584206 572.9221040858793
395.99980045025023 573.077776856615
394.9995249046103 573.2956710863565
393.99886911273836 573.7501021555875
392.99730841496023 574.0046149164157
391.9935942344161 574.2628195743937
390.9847552195764 574.7312798528601
389.9637201662267 574.9847639711788
388.91366105576463 575.2260592194925
387.79453063990445 575.6482017899759
386.51102463937406 575.7889057298848
384.83633831583575 575.7607341791652
382.23072267525765 575.5411498829378
380.60968526639243 575.754485388881
378.6763962141632 576.5714090872129
377.2842243155034 577.0454599248703
376.1194320748175 577.5558785647427
375.0501857075099 577.7109999169522
374.02108811410125 577.6349210669853
373.0088612036623 577.2667789432293
372.0037234246487 577.1120598582252
371.0015645271884 577.0469885570496
370.0006573661945 577.019508011954
369.0002761875326 577.0076337992679
368.00011602611283 577.0018665601906
367.0000487344606 576.9975925139967
366.00002046479284 576.9913924339661
365.0000085904543 576.9783062664674
364.0000036040474 576.9478650881963
363.0000015109012 576.8757159672263
362.00000063275144 576.7041396167355
361.0000002646272 576.2958749645727
360.0000001104752 576.124310294584
359.00000004601725 576.0521938730446
358.00000001911496 576.0218325615589
357.00000000791357 576.0089373068387
356.00000000326327 576.0031918991181
355.00000000133946 576.0000000057327
354.00000000054695 575.996808106436
353.000000000222 575.9910626783865
352.0000000000895 575.9781673785349
351.0000000000359 575.9478059691799
350.00000000001427 575.8756893271506
349.00000000000557 575.7041241441319
348.0000000000022 575.2958582786817
347.0000000000009 575.1242790418817
346.0000000000003 575.0521230454408
345.0 575.0216654909162
344.0 575.0085403314516
343.0 575.002247435283
342.0 574.9977524815512
341.0 574.9914595047405
340.0 574.9783341229995
339.0 574.9478760328052
338.0 574.8757187656682
337.0 574.7041365123757
336.0 574.2958634744258
335.0 574.1242812241242
334.0 574.0521239617184
333.0 574.0216658754679
332.0 574.0085404927378
331.0 574.0022475028667
330.0 573.9977525098357
329.0 573.9914595165599
328.0 573.9783341279324
327.0 573.9478760348703
326.0 573.8757187665615
325.0 573.7041365128417
324.0 573.2958634748668
323.0 573.1242812249352
322.0 573.0521239636221
321.0 573.0216658801208
320.0 573.0085405041018
319.0 573.0022475304457
318.0 572.9977525763769
317.0 572.9914596763805
316.0 572.978334510532
315.0 572.9478769487026
314.0 572.8757209459541
313.0 572.7041417055539
312.0 572.2958758402732
311.0 572.124310661328
310.0 572.0521940264267
309.0 572.0218326255934
308.0 572.0089373335121
307.0 572.0031919101981
306.0 572.0000000103198
305.0 571.9968081083275
304.0 571.9910626791628
303.0 571.9781673788518
302.0 571.9478059693085
301.0 571.8756893272025
300.0 571.7041241441527
299.0 571.2958582786899
298.0 571.1242790418848
297.0 571.052123045442
296.0 571.0216654909166
295.0 571.0085403314516
294.0 571.002247435283
293.0 570.9977524815512
292.0 570.9914595047405
291.0 570.9783341229995
290.0 570.9478760328052
289.0 570.8757187656682
288.0 570.7041365123757
287.0 570.2958634744258
286.0 570.1242812241239
285.0 570.0521239617179
284.0 570.0216658754667
283.0 570.0085404927345
282.0 570.0022475028572
281.0 569.9977525098102
280.0 569.9914595164911
279.0 569.9783341277503
278.0 569.9478760343973
277.0 569.8757187653528
276.0 569.7041365097974
275.0 569.2958634672946
274.0 569.124281206299
273.0 569.0521239181584
272.0 569.0216657699902
271.0 569.0085402387778
270.0 569.0022468938381
269.0 568.9977510533994
268.0 568.9914560402545
267.0 568.9783258407643
266.0 568.9478562942544
265.0 568.8756717643182
264.0 568.7040246291892
263.0 568.2955971836839
262.0 568.123647474485
261.0 568.0506157371397
260.0 568.0180765844044
259.0 567.9999986965444
258.0 567.9819197656801
257.0 567.9493766495185
256.0 567.8763348573697
255.0 567.7043609572894
254.0 567.2958758301697
253.0 567.1240913742106
252.0 567.0515800234807
251.0 567.0203326954695
250.0 567.0053515255986
249.0 566.9946515761518
248.0 566.9796728865676
247.0 566.9484325051696
246.0 566.8759381276611
245.0 566.704194253243
244.0 566.2958057834156
243.0 566.1240619427142
242.0 566.0515676581388
241.0 566.0203275008889
240.0 566.0053493437383
239.0 565.9946506597813
238.0 565.9796725013471
237.0 565.9484323420376
236.0 565.8759380554482
235.0 565.7041942136046
234.0 565.295805744023
233.0 565.1240618712477
232.0 565.0515674962703
231.0 565.0203271174407
230.0 565.0053484295555
229.0 564.9946484802445
228.0 564.9796673085762
227.0 564.948419976607
226.0 564.8759086190455
225.0 564.704124150796
224.0 564.295638998549
223.0 564.123665041837
222.0 564.0506231165177
221.0 564.0180796834978
220.0 563.9999999976085
219.0 563.9819203116136
218.0 563.9493768784268
217.0 563.8763349532526
216.0 563.7043609973969
215.0 563.2958758469165
214.0 563.124091381187
213.0 563.0515800263787
212.0 563.0203326966691
211.0 563.005351526093
210.0 562.9946515763547
209.0 562.9796728866504
208.0 562.9484325052032
207.0 562.8759381276747
206.0 562.7041942532485
205.0 562.2958057834177
204.0 562.1240619427149
203.0 562.051567658139
202.0 562.020327500889
201.0 562.0053493437383
200.0 561.9946506597813
199.0 561.9796725013471
198.0 561.9484323420376
197.0 561.8759380554482
196.0 561.7041942136046
195.0 561.295805744023
194.0 561.1240618712477
193.0 561.0515674962703
192.0 561.0203271174407
191.0 561.0053484295555
190.0 560.9946484802445
189.0 560.9796673085762
188.0 560.948419976607
187.0 560.8759086190455
186.0 560.704124150796
185.0 560.295638998549
184.0 560.123665041837
183.0 560.0506231165177
182.0 560.0180796834978
181.0 559.9999999976085
180.0 559.9819203116136
179.0 559.9493768784268
178.0 559.8763349532526
177.0 559.7043609973969
176.0 559.2958758469165
175.0 559.124091381187
174.0 559.0515800263787
173.0 559.0203326966691
172.0 559.005351526093
171.0 558.9946515763547
170.0 558.9796728866504
169.0 558.9484325052032
168.0 558.8759381276748
167.0 558.7041942532492
166.0 558.2958057834198
165.0 558.1240619427211
164.0 558.0515676581557
163.0 558.0203275009333
162.0 558.0053493438537
161.0 557.994650660078
160.0 557.9796725020991
159.0 557.9484323439169
158.0 557.8759380600912
157.0 557.7041942249646
156.0 557.2958057716005
155.0 557.1240619377882
154.0 557.0515676560904
153.0 557.02032750004
152.0 557.0053493433879
151.0 556.9946506596373
150.0 556.9796725012882
149.0 556.9484323420135
148.0 556.8759380554384
147.0 556.7041942136007
146.0 556.2958057440214
145.0 556.1240618712471
144.0 556.05156749627
143.0 556.0203271174406
142.0 556.0053484295555
141.0 555.9946484802445
140.0 555.9796673085762
139.0 555.948419976607
138.0 555.8759086190455
137.0 555.704124150796
136.0 555.295638998549
135.0 555.123665041837
134.0 555.0506231165177
133.0 555.0180796834978
132.0 554.9999999976085
131.0 554.9819203116136
130.0 554.9493768784268
129.0 554.8763349532526
128.0 554.7043609973969
127.0 554.2958758469165
126.0 554.124091381187
125.0 554.0515800263787
124.0 554.0203326966691
123.0 554.005351526093
122.0 553.9946515763547
121.0 553.9796728866504
120.0 553.9484325052032
119.0 553.8759381276747
118.0 553.7041942532485
117.0 553.2958057834177
116.0 553.1240619427149
115.0 553.051567658139
114.0 553.020327500889
113.0 553.0053493437383
112.0 552.9946506597813
111.0 552.9796725013471
110.0 552.9484323420376
109.0 552.8759380554482
108.0 552.7041942136046
107.0 552.295805744023
105.99999999999994 552.1240618712477
104.9999999999998 552.0515674962702
103.9999999999994 552.0203271174406
102.99999999999818 552.0053484295554
101.99999999999464 551.9946484802442
100.9999999999846 551.9796673085754
99.99999999995678 551.9484199766054
98.99999999988125 551.8759086190416
97.99999999968038 551.7041241507886
96.99999999915606 551.295638998537
95.99999999781072 551.1236650418247
94.99999999441107 551.0506231165326
93.9999999859341 551.0180796836439
92.99999996503587 550.9999999982219
91.99999991399795 550.981920313676
90.9999997902879 550.9493768846373
89.99999949216803 550.8763349707197
88.99999877684493 550.7043610442695
87.99999706571948 550.2958759684882
86.99999298103198 550.1240916886628
85.99998324337662 550.0515807896605
84.99996004831722 550.0203345657242
83.99990482364748 550.0053560582287
82.99977337332571 549.9946624911975
81.99946052333917 549.9796990524088
80.99871598608964 549.9484950443092
79.996944134438 549.8760873248767
78.99272750399675 549.7045497907671
77.98269282466669 549.296652489291
76.9588124057866 549.1260776492902
75.90198198235461 549.0563654565393
74.7667372990461 549.0317461952129
73.4448826995274 549.0325244698715
71.6789345933334 549.0593228865896
68.85613457500986 549.1335801386798
67.51824269215999 550.1147019654966
66.59494547799481 552.7875857506345
66.14760517518909 554.4905384368999
65.81834953035656 555.7859220886713
65.34377399442816 556.9100435503182
65.14421808852613 557.9621999265623
65.06003702709539 558.9841162687333
65.02388589582571 559.993325616056
65.00684372586232 560.9971954255036
64.99527672307913 561.9988215347605
64.97993123553611 562.9995048293459
64.94853083308635 563.9997919481322
64.87595516306337 564.9999125920226
64.70414366700712 565.9999632828884
64.29564713227708 566.9999845799084
64.12366832026727 567.9999935262888
64.05062417409482 568.9999972835963
64.01807937204924 569.9999988610297
63.999998069544105 570.9999995229296
63.981915223013516 571.999999800451
63.949364554727175 572.9999999166841
63.87630553027439 573.9999999652943
63.70429093068307 574.9999999855846
63.29570907692123 575.9999999940333
63.12369448646596 576.9999999975404
63.05063548725479 577.9999999989909
63.01808488017313 578.9999999995883
63.00000217998406 579.999999999833
62.98192122731494 580.9999999999327
62.94937726116997 581.999999999973
62.8763351099234 582.9999999999893
62.70436105362889 583.9999999999959
62.29587584761926 584.9999999999984
62.12409132644296 585.9999999999994
62.051579871425496 587.0
62.0203323159592 588.0
62.00535061269771 589.0
61.994649396263476 590.0
61.97966769145029 591.0
61.94842013333171 592.0
61.87590867529942 593.0
61.70412415150759 594.0
61.29563894380841 595.0
61.123664886884974 596.0
61.0506227358083 597.0
61.018078770102555 598.0
60.999997817517446 599.0
60.9819151164139 600.0
60.94936450655614 601.0
60.876305500879276 602.0
60.70429089566134 603.0
60.29570900732152 604.0
60.12369432539485 605.0
60.05063510414684 606.0
60.0180839661354 607.0
60.00000000050891 608.0
59.981916034570006 609.0
59.94936489575053 610.0
59.876305673525394 611.0
59.70429099082216 612.0
59.29570910214588 613.0
59.123694497032396 614.0
59.05063549167312 615.0
59.01808488201631 616.0
59.000002180750684 617.0
58.98192122763263 618.0
58.949377261301045 619.0
58.876335109977205 620.0
58.70436105365084 621.0
58.29587584762815 622.0
58.124091326446546 623.0
58.05157987142694 624.0
58.02033231595978 625.0
58.00535061269796 626.0
57.994649396263654 627.0
57.97966769145059 628.0
57.94842013333249 629.0
57.87590867530161 630.0
57.70412415151366 631.0
57.29563894382495 632.0
57.12366488692907 633.0
57.05062273592372 634.0
57.01807877039946 635.0
56.999997818269556 636.0
56.98191511829349 637.0
56.94936451119935 638.0
56.87630551223932 639.0
56.704290923238794 640.0
56.29570907386202 641.0
56.123694485215104 642.0
56.050635486746245 643.0
56.01808487996768 644.0
56.000002179901614 645.0
55.9819212272821 646.0
55.94937726115699 647.0
55.876335109918315 648.0
55.70436105362691 649.0
55.29587584761849 650.0
55.124091326442674 651.0
55.051579871425396 652.0
55.020332315959166 653.0
55.00535061269772 654.0
54.99464939626356 655.0
54.97966769145055 656.0
54.948420133332476 657.0
54.8759086753016 658.0
54.70412415151366 659.0
54.29563894382495 660.0
54.12366488692907 661.0
54.05062273592372 662.0
54.01807877039946 663.0
53.999997818269556 664.0
53.98191511829349 665.0
53.94936451119935 666.0
53.87630551223932 667.0
53.704290923238794 668.0
53.29570907386202 669.0
53.123694485215104 670.0
53.050635486746245 671.0
53.01808487996768 672.0
53.000002179901614 673.0
52.9819212272821 674.0
52.94937726115699 675.0
52.876335109918315 676.0
52.70436105362691 677.0
52.29587584761849 678.0
52.124091326442674 679.0
52.051579871425396 680.0
52.020332315959166 681.0
52.00535061269772 682.0
51.99464939626356 683.0
51.97966769145055 684.0
51.948420133332476 685.0
51.8759086753016 686.0
51.70412415151366 687.0
51.29563894382495 688.0
51.12366488692907 689.0
51.05062273592372 690.0
51.01807877039946 691.0
50.999997818269556 692.0
50.98191511829349 693.0
50.94936451119935 694.0
50.87630551223932 695.0
50.704290923238794 696.0
50.29570907386202 697.0
50.123694485215104 698.0
50.050635486746245 699.0
50.01808487996768 700.0
50.000002179901614 701.0
49.9819212272821 702.0
49.94937726115699 703.0
49.876335109918315 704.0
49.70436105362691 705.0
49.29587584761849 706.0
49.124091326442674 707.0
49.051579871425396 708.0
49.020332315959166 709.0
49.00535061269772 710.0
48.99464939626356 711.0
48.97966769145055 712.0
48.948420133332476 713.0
48.8759086753016 714.0
48.70412415151366 715.0
48.29563894382495 716.0
48.12366488692907 717.0
48.05062273592372 718.0
48.01807877039946 719.0
47.999997818269556 720.0
47.98191511829349 721.0
47.94936451119935 722.0
47.87630551223932 723.0
47.704290923238794 724.0
47.29570907386202 725.0
47.123694485215104 726.0
47.050635486746245 727.0
47.01808487996769 728.0
47.00000217990166 729.0
46.98192122728223 730.0
46.949377261157366 731.0
46.87633510991943 732.0
46.70436105363012 733.0
46.295875847627514 734.0
46.12409132646746 735.0
46.0515798714921 736.0
46.02033231613522 737.0
46.00535061315415 738.0
45.99464939742803 739.0
45.9796676943793 740.0
45.94842014060781 741.0
45.87590869318563 742.0
45.704124195097734 743.0
45.295639049312385 744.0
45.123665140893294 745.0
45.05062334495412 746.0
45.018080226837455 747.0
45.0000012945781 748.0
44.981923405470276 749.0
44.949384251839604 750.0
44.87635251454972 750.9999999999995
44.70440280707414 751.9999999999986
44.29597536553253 752.999999999996
44.12432823694237 753.9999999999889
44.05214371651986 754.999999999969
44.02167418404041 755.9999999999155
44.00854400839759 756.9999999997744
44.00224904391889 757.9999999994084
43.99775331528694 758.9999999984731
43.991460238741496 759.9999999961171
43.97833535627853 760.9999999902565
43.94787877004352 761.9999999758276
43.8757252243919 762.9999999406116
43.70415190133852 763.9999998552601
43.29590016590011 764.999999649523
43.12436865775074 765.9999991556381
43.052332202592254 766.9999979735788
43.022161672303405 767.9999951503735
43.0097206818464 768.9999884169861
43.005056480256656 769.9999723723544
43.00443774833191 770.9999341619471
43.007369541106485 771.9998431938606
43.0161973291941 772.9996266655235
43.0379833723552 773.999111322545
43.0901565245512 774.9978848568916
43.21445531496849 775.9949660629312
43.51031877018778 776.9880198760329
44.21443763541217 777.9714893243126
45.09010697168863 778.9321499545069
46.037862206640035 779.838530272209
47.015907478892096 780.6157345482028
48.00667895129944 781.0855262356066
49.00279374318991 781.6237387313562
50.00114362722087 781.8609420912242
51.00040844833205 781.9868990706107
52.00000000014365 782.102375324131
52.99959146022884 782.2997519241949
53.99885593282076 782.7369302140062
54.997204933391856 782.963652877935
55.993317602889285 783.1612980859974
56.9840840229414 783.487982028305
57.96211728394262 784.2050518671215
58.90984396009885 785.0861634680324
59.78544537104554 786.0362060948567
60.48940263896369 787.0152138238115
60.78488158664764 788.0063928077982
60.90826539490805 789.0026862018357
60.95826114532684 790.0011286896713
60.974865482792296 791.0004742326884
60.97136192814667 792.0001992401919
60.94494769139642 793.0000836973695
60.874491436372935 794.0000351534302
60.7036282088483 795.0000147606004
60.2956674708104 796.0000061953294
60.12424066844951 797.000002598802
60.05220638828814 798.000001089261
60.02193722631134 799.0000004560544
60.00921786527711 800.0000001906673
60.00387282187922 801.0000000795665
60.00162606129982 802.0000000331262
60.000680170623205 803.000000013752
60.00027842972201 804.0000000056895
60.00009943627034 805.0000000023443
59.99999998489977 806.0000000009613
59.99990050386379 807.0000000003922
59.9997213985839 808.000000000159
59.99931937692277 809.0000000000641
59.99837281635712 810.0000000000257
59.99612446668713 811.0000000000101
59.99077565031646 812.0000000000041
59.97804732020151 813.0000000000016
59.94775682175678 814.0000000000006
59.8756717682549 815.0
59.70412413015222 816.0
59.2958758099884 817.0
59.12432816300143 818.0
59.05224308015421 819.0
59.02195250013506 820.0
59.00922395998707 821.0
59.00387462484213 822.0
59.00162502046219 823.0
59.00067545451678 824.0
59.00026626352876 825.0
59.00007008298653 826.0
58.99992995668435 827.0
58.99973377274493 828.0
58.999324575109256 829.0
58.998374999614946 830.0
58.99612538341619 831.0
58.99077603514858 832.0
58.97804748185117 833.0
58.94775689011903 834.0
58.87567179842932 835.0
58.70412414661809 836.0
58.295875826280415 837.0
58.124328192637975 838.0
58.052243147571176 839.0
58.02195266037946 840.0
58.00922434292585 841.0
58.00387553924285 842.0
58.001627201186864 843.0
58.00068065054797 844.0
58.00027863720607 845.0
58.000099539806804 846.0
58.000000069495215 847.0
57.999900639723805 848.0
57.99972169801155 849.0
57.999320085057 850.0
57.99837450843174 851.0
57.99612850967885 852.0
57.99078529831617 853.0
57.978070319759276 854.0
57.94781161135457 855.0
57.87580223128762 856.0
57.704434703547726 856.9999999999997
57.29661503509234 857.9999999999987
57.1260875192082 858.9999999999962
57.05643016807035 859.9999999999893
57.03191712084891 860.9999999999702
57.03293795408805 861.9999999999192
57.0603093427942 862.9999999997847
57.135928401110995 863.9999999994366
57.32029037500053 864.9999999985495
57.76088484084809 865.9999999963202
58.01018736857579 866.9999999907858
58.267639979432396 867.9999999771856
58.73920476439288 868.9999999440446
59.00213355765871 869.9999998638284
59.26676940393591 870.9999996706747
59.7448209933154 871.999999207375
60.01872961178854 872.9999980991863
60.30762216804587 873.9999954535374
60.84261271830526 874.9999891454346
61.251693709358435 875.9999741169571
61.86212993456509 876.9999383305369
62.36227036779667 877.9998531387594
63.15222734257235 878.9996503666291
64.0639664196545 879.9991677721903
65.02687883702437 880.9980192540129
66.0112945019872 881.9952859714735
67.00474591883217 882.9887812739147
68.00199419393823 883.9733013818109
69.00083792223344 884.9364623646518
70.00035206407752 885.8487929976411
71.00014791405533 886.6401577824216
72.00006213676211 887.1436485483447
73.00002609829589 887.762057915327
74.00001095875413 888.1901133886895
75.00000459982951 888.770259362015
76.00000192966162 889.1666126305015
77.00000080888115 889.696255825682
78.00000033871362 889.9829035194564
79.00000014163747 890.2558738807717
80.00000005912166 890.7335432103606
81.00000002462271 890.9980469813172
82.00000001022633 891.2609882179064
83.000000004233 891.732719915531
84.00000000174526 891.9906274376965
85.00000000071627 892.241036807411
86.00000000029243 892.6842755260475
87.0000000001187 892.8749345747109
88.00000000004786 892.9655411992015
89.00000000001917 893.0285807065715
90.00000000000762 893.1144847105529
91.000000000003 893.2919764222239
92.00000000000118 893.7030492184725
93.00000000000045 893.876561343064
94.00000000000017 893.9513225012297
95.00000000000006 893.9871416235416
96.0 894.0126740102794
97.0 894.0483455718654
98.0 894.1226935577344
99.0 894.2951963566608
100.0 894.7038562086425
101.0 894.875600997633
102.0 894.947826559092
103.0 894.978313348262
104.0 894.9914508037671
105.0 894.9977488975384
106.0 895.0022461112361
107.0 895.008540220592
108.0 895.0216665154035
109.0 895.0521260313354
110.0 895.1242863789736
111.0 895.2958758332295
112.0 895.7041659543573
113.0 895.8757888370919
114.0 895.9480427869643
115.0 895.9787309647129
116.0 895.9924039143508
117.0 895.9999999975195
118.0 896.0075960818947
119.0 896.0212690346626
120.0 896.0519572160653
121.0 896.124211167935
122.0 896.2958340479579
123.0 896.704124156856
124.0 896.8757135799368
125.0 896.9478738559593
126.0 896.9783332082221
127.0 896.9914591226974
128.0 896.997752335842
129.0 897.0022474225794
130.0 897.0085404551575
131.0 897.0216658602559
132.0 897.0521239602192
133.0 897.1242812314341
134.0 897.2958634864247
135.0 897.7041365250797
136.0 897.875718775673
137.0 897.9478760381987
138.0 897.9783341244985
139.0 897.9914595072487
140.0 897.9977524971281
141.0 898.0022474901627
142.0 898.0085404834413
143.0 898.0216658720731
144.0 898.0521239651459
145.0 898.1242812334826
146.0 898.2958634872736
147.0 898.70413652543
148.0 898.875718775817
149.0 898.9478760382576
150.0 898.9783341245225
151.0 898.9914595072585
152.0 898.9977524971322
153.0 899.0022474901645
154.0 899.0085404834421
155.0 899.0216658720734
156.0 899.0521239651462
157.0 899.1242812334826
158.0 899.2958634872736
159.0 899.70413652543
160.0 899.875718775817
161.0 899.9478760382577
162.0 899.9783341245226
163.0 899.9914595072587
164.0 899.9977524971329
165.0 900.0022474901666
166.0 900.0085404834481
167.0 900.0216658720901
168.0 900.0521239651904
169.0 900.1242812335983
170.0 900.2958634875705
171.0 900.7041365261822
172.0 900.8757187776966
173.0 900.9478760429009
174.0 900.9783341358826
175.0 900.991459534836
176.0 900.9977525636734
177.0 901.0022476499869
178.0 901.0085408660474
179.0 901.0216667859223
180.0 901.052126144583
181.0 901.1242864263102
182.0 901.2958758529769
183.0 901.7041659625751
184.0 901.8757888405014
185.0 901.9480427883736
186.0 901.9787309652929
187.0 901.9924039145885
188.0 901.9999999976163
189.0 902.0075960819339
190.0 902.0212690346783
191.0 902.0519572160715
192.0 902.1242111679373
193.0 902.2958340479589
194.0 902.7041241568566
195.0 902.8757135799369
196.0 902.9478738559593
197.0 902.9783332082221
198.0 902.9914591226974
199.0 902.997752335842
200.0 903.0022474225794
201.0 903.0085404551575
202.0 903.0216658602559
203.0 903.0521239602192
204.0 903.1242812314341
205.0 903.2958634864247
206.0 903.7041365250797
207.0 903.875718775673
208.0 903.9478760381987
209.0 903.9783341244985
210.0 903.9914595072487
211.0 903.9977524971281
212.0 904.0022474901627
213.0 904.0085404834413
214.0 904.0216658720731
215.0 904.0521239651459
216.0 904.1242812334826
217.0 904.2958634872736
218.0 904.70413652543
219.0 904.875718775817
220.0 904.9478760382577
221.0 904.9783341245226
222.0 904.9914595072587
223.0 904.9977524971329
224.0 905.0022474901666
225.0 905.0085404834481
226.0 905.0216658720901
227.0 905.0521239651904
228.0 905.1242812335983
229.0 905.2958634875705
230.0 905.7041365261822
231.0 905.8757187776966
232.0 905.9478760429009
233.0 905.9783341358826
234.0 905.991459534836
235.0 905.9977525636734
236.0 906.0022476499869
237.0 906.0085408660474
238.0 906.0216667859223
239.0 906.052126144583
240.0 906.1242864263102
241.0 906.2958758529769
242.0 906.7041659625751
243.0 906.8757888405014
244.0 906.9480427883736
245.0 906.9787309652929
246.0 906.9924039145885
247.0 906.9999999976163
248.0 907.0075960819339
249.0 907.0212690346783
250.0 907.0519572160715
251.0 907.1242111679373
252.0 907.2958340479589
253.0 907.7041241568566
254.0 907.8757135799369
255.0 907.9478738559593
256.0 907.9783332082221
257.0 907.9914591226974
258.0 907.997752335842
259.0 908.0022474225794
260.0 908.0085404551575
261.0 908.0216658602559
262.0 908.0521239602192
263.0 908.1242812314341
264.0 908.2958634864247
265.0 908.7041365250797
266.0 908.875718775673
267.0 908.9478760381987
268.0 908.9783341244985
269.0 908.9914595072487
270.0 908.9977524971281
271.0 909.0022474901627
272.0 909.0085404834413
273.0 909.0216658720731
274.0 909.0521239651459
275.0 909.1242812334826
276.0 909.2958634872736
277.0 909.70413652543
278.0 909.875718775817
279.0 909.9478760382577
280.0 909.9783341245226
281.0 909.9914595072587
282.0 909.9977524971329
283.0 910.0022474901666
284.0 910.0085404834481
285.0 910.0216658720901
286.0 910.0521239651904
287.0 910.1242812335983
288.0 910.2958634875705
289.0 910.7041365261822
290.0 910.8757187776966
291.0 910.9478760429009
292.0 910.9783341358826
293.0 910.991459534836
294.0 910.9977525636734
295.0 911.0022476499869
296.0 911.0085408660474
297.0 911.0216667859223
298.0 911.052126144583
299.0 911.1242864263102
300.0 911.2958758529769
301.0 911.7041659625751
302.0 911.8757888405014
303.0 911.9480427883736
304.0 911.9787309652929
305.0 911.9924039145885
306.0 911.9999999976163
307.0 912.0075960819339
308.0 912.0212690346783
309.0 912.0519572160715
310.0 912.1242111679373
311.0 912.2958340479589
312.0 912.7041241568566
313.0 912.8757135799369
314.0 912.9478738559593
315.0 912.9783332082221
316.0 912.9914591226974
317.0 912.997752335842
318.0 913.0022474225794
319.0 913.0085404551575
320.0 913.0216658602559
321.0 913.0521239602192
322.0 913.1242812314341
323.0 913.2958634864247
324.0 913.7041365250797
325.0 913.875718775673
326.0 913.9478760381987
327.0 913.9783341244985
328.0 913.9914595072487
329.0 913.9977524971281
330.0 914.0022474901627
331.0 914.0085404834413
332.0 914.0216658720731
333.0 914.0521239651459
334.0 914.1242812334826
335.0 914.2958634872736
336.0 914.70413652543
337.0 914.875718775817
338.0 914.9478760382576
339.0 914.9783341245225
340.0 914.9914595072585
341.0 914.9977524971322
342.0 915.0022474901645
343.0 915.0085404834421
344.0 915.0216658720734
345.0 915.0521239651462
346.0 915.1242812334826
347.0 915.2958634872736
348.0 915.70413652543
349.0 915.875718775817
350.0 915.9478760382577
351.0 915.9783341245226
352.0 915.9914595072587
353.0 915.9977524971329
354.0 916.0022474901666
355.0 916.0085404834481
356.0 916.0216658720901
357.0 916.0521239651904
358.0 916.1242812335983
359.0 916.2958634875705
360.0 916.7041365261822
361.0 916.8757187776966
362.0 916.9478760429009
363.0 916.9783341358826
364.0 916.991459534836
365.0 916.9977525636734
366.0 917.0022476499869
367.0 917.0085408660474
368.0 917.0216667859223
369.0 917.052126144583
370.0 917.1242864263102
371.0 917.2958758529769
372.0 917.7041659625751
373.0 917.8757888405014
374.0 917.9480427883736
375.0 917.9787309652929
376.0 917.9924039145885
377.0 917.9999999976163
378.0 918.0075960819339
379.0 918.0212690346783
380.0 918.0519572160715
381.0 918.1242111679373
382.0 918.2958340479589
383.0 918.7041241568566
384.0 918.8757135799369
385.0 918.9478738559593
386.0 918.9783332082221
387.0 918.9914591226974
388.0 918.997752335842
389.0 919.0022474225794
390.0 919.0085404551575
391.0 919.0216658602559
392.0 919.0521239602192
393.0 919.1242812314341
394.0 919.2958634864247
395.0 919.7041365250797
396.0 919.875718775673
397.0 919.9478760381987
398.0 919.9783341244985
399.0 919.9914595072487
400.0 919.9977524971281
401.0 920.0022474901627
402.0 920.0085404834413
403.0 920.0216658720731
404.0 920.0521239651459
405.0 920.1242812334826
406.0 920.2958634872736
407.0 920.70413652543
408.0 920.875718775817
409.0 920.9478760382577
410.0 920.9783341245226
411.0 920.9914595072587
412.0 920.9977524971329
413.0 921.0022474901666
414.0 921.0085404834481
415.0 921.0216658720901
416.0 921.0521239651904
417.0 921.1242812335983
418.0 921.2958634875705
419.0 921.7041365261822
420.0 921.8757187776966
421.0 921.9478760429009
422.0 921.9783341358826
423.0 921.991459534836
424.0 921.9977525636734
425.0 922.0022476499869
426.0 922.0085408660474
427.0 922.0216667859223
428.0 922.052126144583
429.0 922.1242864263102
430.0 922.2958758529769
431.0 922.7041659625751
432.0 922.8757888405014
433.0 922.9480427883736
434.0 922.9787309652929
435.0 922.9924039145885
436.0 922.9999999976163
437.0 923.0075960819339
438.0 923.0212690346783
439.0 923.0519572160715
440.0 923.1242111679373
441.0 923.2958340479589
442.0 923.7041241568566
443.0 923.8757135799369
444.0 923.9478738559593
445.0 923.978333208222
446.0 923.9914591226973
447.0 923.9977523358419
448.0 924.0022474225788
449.0 924.0085404551555
450.0 924.0216658602506
451.0 924.0521239602042
452.0 924.1242812313936
453.0 924.2958634863172
454.0 924.7041365247997
455.0 924.8757187749557
456.0 924.947876036388
457.0 924.9783341199868
458.0 924.9914594961306
459.0 924.9977524699791
460.0 925.002247424352
461.0 925.0085403248155
462.0 925.0216654913503
463.0 925.0521230541383
464.0 925.1242790581523
465.0 925.295858300121
466.0 925.704124167207
467.0 925.8756893480472
468.0 925.9478059846966
469.0 925.9781673868202
470.0 925.9910626793878
471.0 925.9968081020701
472 926
